14
20 79
1 2 95
2 3 811
3 4 201
4 5 867
5 6 316
6 7 711
7 8 297
8 9 603
9 10 477
10 11 681
11 12 932
12 13 435
13 14 770
14 15 143
15 16 472
16 17 577
17 18 61
18 19 124
19 20 721
1 1 60
18 3 6
11 1 39
13 12 36
2 17 62
9 4 76
18 12 44
13 19 73
14 18 61
18 11 52
12 5 55
9 3 47
16 15 14
12 14 90
10 5 62
6 13 52
4 10 62
19 20 1
18 16 76
7 11 31
4 2 66
4 17 37
19 11 27
16 19 9
11 8 57
6 2 37
4 6 32
16 17 55
10 10 66
8 4 55
6 6 86
5 4 89
20 9 65
7 19 20
19 17 83
6 1 77
2 11 30
15 7 56
6 14 81
8 17 61
5 5 80
1 14 36
13 7 42
5 11 17
12 16 86
14 14 94
1 19 92
3 13 72
4 7 80
7 3 49
15 18 7
2 14 70
15 15 14
20 6 77
3 14 31
20 15 78
14 10 2
16 6 6
18 8 17
13 10 86
43 504
1 2 24
2 3 852
3 4 541
4 5 227
5 6 656
6 7 217
7 8 817
8 9 545
9 10 477
10 11 377
11 12 480
12 13 859
13 14 468
14 15 755
15 16 644
16 17 962
17 18 325
18 19 247
19 20 40
20 21 198
21 22 911
22 23 291
23 24 435
24 25 99
25 26 42
26 27 980
27 28 852
28 29 306
29 30 893
30 31 941
31 32 175
32 33 225
33 34 753
34 35 12
35 36 166
36 37 86
37 38 414
38 39 483
39 40 652
40 41 920
41 42 836
42 43 804
9 33 49
36 14 93
15 20 33
25 28 61
40 8 18
4 12 65
3 37 25
26 8 15
29 42 96
9 43 32
7 8 43
36 11 52
25 42 42
14 41 93
2 6 51
39 39 41
28 32 81
7 22 91
4 11 12
18 10 50
8 19 75
14 34 60
6 43 36
33 34 42
6 41 32
20 24 56
36 18 3
16 26 62
1 14 17
32 4 9
9 30 88
39 20 8
7 17 93
8 8 86
16 10 66
10 27 44
7 30 91
11 32 50
17 39 1
22 1 17
38 4 2
13 20 56
23 14 26
39 43 59
32 10 82
42 36 44
22 30 75
32 31 54
1 2 50
13 38 91
11 22 16
33 12 76
25 36 77
15 18 46
39 30 29
37 32 89
43 13 66
14 7 50
4 39 74
1 6 93
19 31 33
10 43 61
11 21 45
9 36 99
41 13 96
34 30 17
6 19 97
12 3 45
12 29 42
40 23 87
37 30 5
11 17 95
18 13 41
14 30 57
41 29 29
10 20 61
11 18 6
24 34 43
11 27 24
37 2 91
4 23 76
36 41 9
20 37 37
1 42 13
40 43 76
10 40 16
40 16 98
27 42 17
36 13 43
14 28 22
29 20 11
42 22 88
10 8 36
4 26 61
15 43 56
5 23 72
13 9 98
36 22 65
16 20 1
29 18 98
40 7 0
9 4 57
8 21 5
18 33 39
7 36 89
30 10 81
12 10 51
4 33 3
43 4 36
35 11 3
1 12 16
28 16 39
3 34 77
6 15 89
38 3 48
33 19 67
1 4 45
37 12 62
16 11 18
39 1 62
6 5 49
42 31 16
12 30 54
26 29 67
7 12 17
18 24 29
7 28 97
38 17 77
18 14 46
12 38 52
39 9 96
28 21 23
3 7 26
6 31 75
37 28 89
21 16 98
2 8 23
41 26 79
29 7 33
17 24 88
6 13 48
17 10 28
40 14 57
38 36 80
28 27 92
31 35 41
1 26 71
43 43 78
39 8 36
5 9 8
5 11 84
21 5 95
6 36 55
17 19 22
41 28 17
42 9 78
28 26 37
36 19 37
1 7 92
23 25 63
36 29 14
36 12 83
31 40 24
16 14 87
43 34 59
17 30 48
27 35 80
6 29 59
35 21 83
9 1 14
9 16 46
21 25 69
19 11 92
3 21 80
33 1 66
15 37 61
15 28 5
17 34 87
33 35 26
8 20 27
5 31 6
22 26 58
22 33 91
11 42 37
26 19 64
27 4 11
33 17 99
30 43 3
34 38 74
26 35 84
42 34 37
20 30 50
8 16 76
28 18 78
27 34 92
27 41 85
3 9 16
11 23 41
39 40 72
20 36 40
39 24 39
4 41 91
26 9 38
22 27 36
4 30 83
13 37 50
36 16 85
27 32 18
23 23 94
3 28 35
10 31 35
12 40 87
12 24 21
43 36 80
19 25 14
41 1 93
19 27 94
41 39 77
39 33 37
5 1 31
22 19 60
12 12 92
26 27 89
35 9 1
17 22 55
7 38 9
14 2 83
34 35 10
26 40 30
11 39 63
4 13 31
39 29 60
15 22 0
2 26 66
24 16 84
8 14 32
3 24 28
28 28 73
33 21 83
40 18 85
23 1 6
33 13 27
23 7 90
11 34 54
5 42 12
5 35 10
38 6 81
6 33 56
10 7 26
14 29 37
2 4 44
27 31 81
24 36 3
14 12 73
25 9 36
25 27 11
42 14 3
40 20 73
3 18 50
2 20 11
38 8 7
5 32 25
2 40 80
32 23 66
8 4 41
16 12 11
39 10 38
14 6 28
41 23 63
1 20 31
26 15 55
3 35 84
1 35 89
43 7 94
24 22 8
16 27 60
43 37 89
4 31 21
27 8 7
24 43 55
5 28 79
37 27 78
17 13 16
20 32 54
1 11 92
10 36 93
33 27 64
42 40 17
32 16 58
21 43 49
42 6 44
27 39 3
33 36 45
14 9 25
21 7 54
30 18 68
8 17 39
7 26 25
10 19 21
18 23 18
10 13 56
19 20 23
38 19 44
13 35 68
31 17 86
12 21 20
21 6 79
8 23 17
20 18 32
32 32 75
4 16 25
32 43 53
5 41 15
5 13 2
22 20 57
10 10 39
38 11 4
33 24 96
22 43 27
12 34 35
31 9 99
20 17 84
24 24 46
20 12 6
10 2 47
28 19 42
15 38 93
26 23 72
13 39 96
21 17 45
15 29 72
26 20 99
40 1 1
29 30 23
1 1 74
3 8 50
38 25 55
9 9 32
34 9 31
1 21 8
14 33 90
4 4 29
2 36 10
38 41 13
3 5 3
10 1 2
10 5 30
27 40 88
12 15 83
28 22 95
17 35 98
34 25 36
34 28 81
31 31 38
7 25 10
11 7 48
19 23 60
18 37 22
38 20 78
43 1 72
9 17 54
16 31 91
2 15 84
6 32 25
3 26 84
10 9 41
2 43 30
5 17 79
10 29 88
12 27 29
20 23 13
4 19 59
10 4 51
19 2 12
27 17 69
32 30 18
4 14 58
35 2 59
10 28 49
8 11 64
32 13 70
10 26 32
34 29 78
38 31 62
37 17 24
25 41 36
16 30 14
36 8 59
36 23 55
19 30 45
21 36 97
40 5 82
40 13 4
42 41 10
16 25 54
32 29 20
39 16 51
15 27 71
8 18 76
29 29 43
28 4 29
13 13 3
13 22 16
8 35 78
30 13 45
34 13 31
42 19 96
1 16 39
31 8 82
16 15 90
23 2 16
1 32 31
29 33 11
36 37 87
14 37 18
7 34 99
24 42 34
40 34 22
39 26 19
9 8 33
22 4 11
15 24 97
12 26 94
20 20 14
41 41 92
39 37 38
40 24 66
38 18 78
32 26 51
31 43 33
18 18 31
11 43 56
20 41 92
35 35 68
14 39 7
5 16 96
6 28 93
43 26 22
3 30 36
39 3 36
39 12 94
8 5 76
31 26 39
43 3 29
30 42 35
21 26 35
40 32 64
16 6 35
31 29 44
25 5 28
9 7 80
36 32 18
20 4 10
6 40 40
30 11 27
33 43 16
16 13 72
22 6 45
33 28 55
41 32 65
9 12 15
5 7 30
13 77
1 2 777
2 3 317
3 4 755
4 5 595
5 6 545
6 7 22
7 8 793
8 9 32
9 10 880
10 11 191
11 12 345
12 13 126
11 2 31
13 2 84
12 9 44
7 3 43
9 6 25
2 10 51
4 1 29
7 1 52
3 9 35
2 4 20
12 3 55
10 5 84
8 11 49
6 5 59
11 5 99
7 8 40
8 5 6
10 10 52
5 12 69
4 7 76
11 6 91
9 4 98
12 10 69
9 9 89
5 3 35
12 7 77
13 11 73
8 1 41
9 13 27
3 3 99
8 8 32
11 4 16
6 4 50
11 3 79
2 9 63
13 10 48
11 7 11
7 5 65
7 13 47
6 10 70
10 7 32
10 11 98
1 3 93
8 10 5
6 6 32
1 12 12
2 12 39
8 6 73
5 13 92
1 5 85
2 1 58
6 2 50
3 2 74
4 12 89
2 7 99
10 3 38
5 2 37
4 13 61
1 13 34
4 8 10
9 11 35
1 1 49
8 9 74
8 13 39
5 5 30
43 616
1 2 747
2 3 791
3 4 513
4 5 528
5 6 955
6 7 139
7 8 542
8 9 189
9 10 777
10 11 768
11 12 556
12 13 961
13 14 819
14 15 823
15 16 458
16 17 149
17 18 775
18 19 870
19 20 158
20 21 862
21 22 644
22 23 542
23 24 842
24 25 769
25 26 322
26 27 823
27 28 491
28 29 969
29 30 493
30 31 208
31 32 52
32 33 15
33 34 542
34 35 603
35 36 984
36 37 834
37 38 234
38 39 248
39 40 520
40 41 663
41 42 287
42 43 313
41 21 73
33 32 34
11 19 62
8 28 75
12 4 53
33 21 65
23 30 1
16 14 43
28 25 20
38 13 55
23 29 10
14 40 58
17 20 85
34 9 53
35 26 77
27 16 7
6 15 42
9 25 91
34 38 10
23 27 98
5 29 66
42 7 41
22 6 90
11 1 25
6 42 86
26 7 61
26 39 93
25 31 75
4 42 30
17 14 40
23 15 30
14 10 45
21 21 35
24 16 79
28 18 30
26 19 0
29 6 63
24 43 64
2 29 24
4 17 95
30 11 44
20 19 70
36 6 85
30 16 62
18 6 73
40 11 13
25 34 62
11 34 34
30 18 73
32 21 89
42 30 6
28 1 80
13 33 78
5 43 53
10 2 19
23 8 64
1 36 13
20 10 43
26 14 23
10 23 77
15 30 91
26 32 35
1 34 8
4 29 98
39 2 52
2 8 60
11 9 0
18 26 56
33 25 62
23 3 99
39 19 89
40 38 7
8 39 49
18 12 34
21 31 60
43 37 21
43 22 68
17 22 24
1 31 96
11 26 0
36 42 89
1 43 67
10 25 72
40 34 55
20 38 48
25 14 93
7 35 34
10 31 30
39 6 6
33 14 41
33 8 5
11 3 47
5 4 79
31 38 90
12 3 26
11 17 29
38 23 24
20 9 31
26 24 64
20 12 57
37 8 13
12 30 24
43 31 72
5 7 10
22 42 27
30 24 16
10 33 51
7 43 38
30 39 9
21 23 62
27 10 51
35 30 7
8 8 9
40 42 60
39 27 39
30 17 84
34 31 30
11 38 99
41 34 42
7 18 34
4 15 41
27 42 15
19 5 22
1 38 41
32 40 12
32 9 66
6 20 83
16 13 80
20 32 92
31 28 8
5 40 42
8 20 29
4 20 4
21 34 80
16 34 84
38 38 10
5 20 98
32 38 25
18 37 52
14 7 78
16 19 48
10 17 61
16 15 66
14 11 27
28 42 90
23 5 20
18 35 88
23 43 90
4 13 72
35 19 38
29 16 5
11 23 23
42 31 71
10 9 95
27 40 18
9 42 62
26 22 73
11 36 58
32 43 97
12 8 28
29 35 33
5 36 29
33 37 48
32 34 96
20 27 9
38 5 47
8 41 13
32 31 9
5 28 60
21 6 28
33 12 18
26 26 88
19 24 87
6 7 20
24 18 46
8 21 60
41 11 54
9 12 76
33 5 77
7 17 52
20 41 44
16 28 30
30 34 35
2 30 95
11 39 76
32 27 53
13 3 8
19 41 96
26 31 20
21 26 11
23 1 52
39 38 59
39 20 52
1 40 7
13 39 42
36 26 78
23 25 65
5 21 18
24 33 61
18 25 7
40 33 77
29 3 27
13 43 35
13 32 31
32 11 86
9 19 75
17 31 0
16 21 95
35 15 47
38 37 14
3 35 23
33 39 52
19 34 72
31 19 8
19 37 40
6 2 76
12 42 21
17 23 79
41 28 29
27 35 84
21 36 50
8 10 93
32 22 81
30 29 20
3 42 79
27 13 89
15 15 23
39 40 84
16 40 93
40 20 39
9 2 68
32 32 45
19 19 42
12 5 6
10 40 97
42 10 31
10 29 25
13 34 4
37 4 65
24 37 86
2 33 92
28 12 80
18 9 23
17 34 22
12 22 3
22 9 93
17 2 0
39 17 62
7 37 47
24 32 35
11 28 89
28 3 14
10 1 79
26 30 68
35 21 96
18 21 70
43 43 1
27 26 19
34 26 79
27 22 53
27 8 75
4 24 37
29 28 74
18 39 12
14 31 92
16 38 0
16 8 53
39 32 31
4 9 51
3 34 69
16 33 17
6 24 3
13 37 17
35 22 94
36 16 9
29 34 51
37 10 72
15 22 65
36 31 20
16 10 98
37 26 33
41 38 1
13 30 76
17 43 66
33 42 79
37 39 90
43 33 16
13 17 44
38 6 69
40 15 85
31 9 61
29 29 53
15 18 55
20 16 83
14 4 77
2 20 43
35 1 7
36 3 7
3 22 69
30 10 46
42 20 77
3 27 5
6 11 17
35 35 89
3 26 81
10 38 84
7 1 9
39 1 74
27 38 11
1 26 17
20 36 21
30 4 42
31 2 55
34 5 22
2 2 89
2 35 14
7 31 8
14 28 94
35 36 9
16 2 64
15 43 43
7 3 6
10 3 11
32 8 94
12 2 85
5 16 60
22 28 78
10 6 2
12 12 68
15 36 58
35 43 78
7 36 43
6 9 20
21 37 52
36 4 69
13 15 20
42 26 6
4 7 17
20 31 15
20 28 39
25 29 31
15 10 8
28 19 16
15 28 5
12 23 88
12 1 74
38 42 28
10 28 65
26 38 64
17 38 77
25 38 50
8 9 16
8 40 60
35 34 13
9 40 21
6 4 98
28 34 84
13 23 76
28 9 64
6 30 10
15 38 62
25 3 70
6 40 12
25 15 70
8 5 3
42 18 17
8 13 61
8 18 89
18 33 90
17 15 30
24 27 14
33 6 85
25 42 73
27 41 67
15 26 75
11 31 29
41 3 59
29 20 6
1 24 84
38 3 38
19 23 32
8 36 86
38 33 54
26 10 73
41 29 97
43 6 94
14 13 66
18 36 7
8 26 61
31 40 45
16 32 79
27 11 67
1 2 24
32 19 12
31 31 41
13 11 47
2 19 61
18 13 12
6 14 73
38 14 26
17 8 29
9 9 86
8 30 49
42 19 4
14 32 18
42 14 98
40 12 86
6 23 2
13 7 61
32 23 48
27 5 16
5 6 95
4 39 32
39 35 1
6 35 99
8 43 32
16 9 1
7 22 29
15 42 22
17 36 66
22 34 78
19 15 10
2 26 5
25 24 53
13 21 7
1 4 77
4 4 52
30 43 8
21 19 96
1 25 63
12 29 89
24 20 65
19 22 13
15 7 52
14 39 84
41 6 55
21 14 4
2 5 13
12 19 80
6 6 83
24 11 20
2 40 92
21 40 58
18 32 13
25 19 64
29 19 13
23 35 83
25 22 42
34 37 91
27 7 1
43 39 28
16 7 67
38 22 68
16 1 73
18 20 41
3 3 0
12 24 43
10 18 11
18 34 69
12 13 53
28 4 27
17 26 83
36 13 48
12 15 25
42 35 49
17 3 79
4 27 39
13 10 97
6 25 55
19 13 4
40 26 63
17 35 44
32 3 98
29 42 60
28 30 91
35 11 28
3 2 12
15 29 19
16 11 61
24 9 12
5 32 69
33 19 43
30 36 59
25 37 64
43 27 60
25 32 30
36 40 58
41 22 55
13 31 90
6 3 76
18 31 72
23 40 50
3 15 91
34 42 54
30 40 38
14 35 49
12 34 7
30 7 52
13 9 24
12 36 20
25 30 85
28 27 17
42 43 86
40 17 16
17 25 49
34 36 18
28 37 83
27 9 38
22 8 78
26 13 27
2 23 42
16 26 39
27 34 13
11 21 26
43 10 58
33 4 34
22 10 27
42 23 32
26 25 61
2 32 60
15 21 64
15 14 18
37 40 5
14 19 77
4 31 83
4 19 97
27 18 97
20 22 94
18 11 6
5 30 86
32 41 70
9 36 61
28 26 32
5 14 80
22 18 36
13 40 52
18 5 44
17 24 80
34 14 29
19 3 42
13 20 41
12 43 90
27 30 86
15 41 76
37 29 29
11 10 45
18 19 65
15 24 60
16 37 16
18 16 53
24 5 6
8 42 31
24 8 14
6 31 67
24 36 60
5 35 5
11 42 32
36 19 48
17 19 38
40 3 20
32 17 97
21 38 33
20 11 69
22 33 12
43 26 29
31 23 87
8 6 6
33 17 97
31 12 37
20 7 75
5 15 8
10 39 32
4 18 37
4 25 86
66 2099
1 2 372
2 3 560
3 4 824
4 5 203
5 6 129
6 7 758
7 8 375
8 9 681
9 10 769
10 11 964
11 12 487
12 13 929
13 14 782
14 15 870
15 16 341
16 17 22
17 18 174
18 19 932
19 20 624
20 21 825
21 22 876
22 23 302
23 24 662
24 25 535
25 26 923
26 27 154
27 28 713
28 29 897
29 30 972
30 31 459
31 32 715
32 33 381
33 34 18
34 35 404
35 36 992
36 37 901
37 38 948
38 39 886
39 40 628
40 41 887
41 42 587
42 43 567
43 44 933
44 45 133
45 46 388
46 47 572
47 48 681
48 49 550
49 50 512
50 51 55
51 52 203
52 53 13
53 54 834
54 55 956
55 56 898
56 57 200
57 58 689
58 59 409
59 60 802
60 61 300
61 62 135
62 63 36
63 64 567
64 65 110
65 66 617
37 28 41
63 29 88
26 3 8
51 28 89
57 55 51
54 5 80
33 56 48
17 53 52
40 34 73
25 26 88
29 10 39
64 49 56
65 9 0
61 52 57
48 14 43
16 22 99
16 2 17
50 20 35
2 9 91
31 53 60
26 52 37
16 63 28
5 52 93
30 47 27
64 60 48
39 59 9
35 62 23
58 63 9
19 51 29
58 35 42
3 28 24
39 2 11
18 53 54
66 61 77
41 23 97
43 46 49
61 21 68
33 2 89
25 2 25
34 54 66
1 3 61
52 35 91
61 8 72
1 33 30
13 31 30
60 25 81
31 30 12
14 64 77
12 26 58
24 42 69
62 56 48
49 44 18
45 34 78
25 31 73
62 28 38
46 5 32
28 43 99
35 61 89
40 50 47
5 15 92
60 52 77
20 37 56
21 38 5
14 29 71
48 36 21
5 31 27
7 15 24
9 3 78
62 39 90
46 28 79
43 65 0
45 38 52
17 62 64
38 9 78
57 6 34
66 17 35
60 48 82
30 62 64
54 54 37
34 56 82
42 55 48
49 34 52
4 15 75
47 37 76
66 30 47
53 54 5
48 19 6
54 22 28
45 37 23
32 43 29
29 9 14
32 66 71
56 3 82
25 38 20
14 3 85
53 45 94
57 14 25
7 51 33
37 19 63
19 24 70
22 40 85
37 2 60
24 11 65
1 50 21
42 44 29
65 12 87
49 1 0
4 12 21
53 50 17
8 30 49
8 55 34
35 5 50
16 56 49
33 9 44
57 32 15
9 43 87
44 40 60
43 45 91
59 65 47
59 46 99
29 24 75
53 52 56
43 27 50
61 39 44
7 62 88
61 5 33
10 57 0
8 59 95
15 6 83
61 30 32
10 45 78
57 31 25
29 48 1
46 39 70
35 13 29
1 16 80
59 14 94
16 3 68
24 20 86
22 34 3
33 29 9
44 25 60
12 19 37
55 14 45
55 7 3
23 53 71
55 5 55
24 15 91
4 32 24
47 60 20
19 45 88
3 62 90
55 43 47
53 13 10
38 34 42
19 62 20
11 60 31
21 17 52
11 20 95
44 57 65
4 23 76
18 59 62
43 42 87
64 15 23
43 33 60
47 62 30
37 48 82
47 44 78
15 26 21
27 16 13
49 60 93
4 39 41
3 38 9
18 34 25
39 41 71
61 2 8
50 59 81
54 48 89
7 20 2
6 58 0
19 9 51
15 46 39
57 54 3
41 47 16
10 55 21
8 22 70
33 52 47
64 37 82
48 12 3
23 8 69
22 53 65
39 60 68
39 20 9
17 29 89
52 10 42
27 24 16
65 47 46
18 31 81
26 62 12
32 54 43
42 11 21
54 52 40
20 4 83
22 32 98
43 31 67
63 55 6
58 15 41
19 19 0
12 28 39
43 62 40
21 35 98
51 21 8
63 44 32
26 59 14
10 62 19
60 10 97
10 38 54
49 63 27
48 61 39
39 12 65
59 42 56
5 16 79
36 47 53
21 12 3
47 35 21
27 11 25
14 24 50
49 62 98
43 6 65
39 11 81
15 66 91
13 6 85
35 2 3
45 1 45
33 60 71
56 28 45
57 33 40
12 15 57
63 17 42
20 32 99
44 66 32
54 24 32
40 26 19
3 15 57
18 44 0
23 36 1
13 46 27
9 27 67
34 35 61
6 28 58
43 44 83
65 45 3
20 66 40
57 2 39
19 32 75
18 4 65
45 15 33
32 63 81
35 64 5
53 4 51
62 58 86
3 23 79
47 15 51
34 24 54
61 58 14
36 37 39
56 47 82
7 27 88
11 19 58
52 46 95
24 7 53
6 26 86
19 58 43
51 34 53
40 23 59
16 35 13
36 65 64
13 8 60
31 14 90
40 20 28
25 7 52
21 25 90
43 41 29
28 20 11
65 11 47
63 63 57
40 15 22
21 58 92
51 18 75
30 38 7
42 6 1
37 40 99
24 38 32
63 30 39
50 4 35
45 41 12
30 33 27
37 62 20
36 15 25
39 24 59
45 23 80
29 64 64
30 21 41
31 48 41
36 50 58
14 34 70
4 13 7
14 38 1
33 4 79
10 40 46
52 64 94
40 5 9
18 29 7
61 63 80
21 34 74
30 49 58
63 39 77
5 43 17
44 16 93
32 7 66
23 29 86
57 53 44
27 51 86
25 36 13
52 3 66
44 11 73
1 32 83
34 44 4
4 59 56
41 15 62
26 49 72
57 49 76
47 5 78
61 23 60
54 55 37
59 48 42
39 27 48
39 55 46
4 35 27
18 45 84
9 63 9
51 33 5
36 52 10
41 57 8
2 43 26
7 12 46
17 59 97
10 37 41
14 56 75
8 28 74
56 21 29
38 59 41
8 56 21
5 64 24
66 13 98
16 36 44
4 41 90
36 54 25
58 60 49
59 1 89
47 55 38
38 64 22
30 54 50
43 58 39
10 23 42
51 24 23
5 38 65
3 4 9
54 39 24
62 8 57
61 47 75
35 23 82
7 34 71
14 66 54
52 6 37
36 39 56
12 33 15
44 31 31
48 65 92
1 6 11
63 35 56
16 16 8
64 31 70
60 62 38
50 9 97
14 15 27
52 52 0
41 52 73
22 5 77
45 44 65
30 48 46
24 18 57
51 10 47
23 63 98
47 14 71
17 26 97
5 34 93
51 60 19
41 38 35
19 47 44
36 61 78
30 56 55
5 42 81
61 44 68
39 52 87
56 19 0
14 19 29
56 13 21
40 13 49
14 27 72
35 8 7
28 52 89
45 31 18
15 31 90
35 12 99
13 18 52
64 11 55
31 41 41
14 8 0
22 24 16
21 8 11
46 12 50
6 4 4
20 2 7
17 57 13
59 60 79
65 40 95
13 28 98
41 55 81
17 49 6
42 31 71
9 37 29
15 65 1
32 11 86
41 19 65
37 49 54
56 63 65
10 3 78
25 15 39
29 53 33
48 35 5
5 7 70
55 33 7
33 58 33
32 52 72
15 30 15
14 62 11
51 49 7
58 8 73
52 22 77
65 51 45
62 23 45
47 25 28
33 15 34
5 48 69
15 18 22
59 47 31
63 54 56
57 61 33
8 43 42
53 43 95
6 62 22
24 1 4
55 38 34
35 25 98
22 14 39
64 41 0
11 35 88
9 15 15
55 56 46
64 7 80
62 46 1
65 7 53
32 29 0
14 65 10
32 42 81
42 33 21
38 43 91
64 16 93
49 48 69
5 19 58
56 39 62
17 35 17
32 17 12
39 50 13
51 58 20
58 16 4
25 20 45
20 47 13
25 12 82
11 23 32
63 2 94
8 2 57
64 36 63
51 59 18
64 26 17
14 54 14
10 8 70
66 54 58
50 35 27
17 64 95
23 33 81
52 66 98
9 52 2
21 54 90
60 7 54
26 60 57
22 27 34
36 7 56
32 8 33
2 36 90
19 17 93
59 56 92
53 44 8
4 10 18
52 16 53
54 4 83
52 4 74
21 52 74
13 34 37
42 17 28
23 31 59
19 1 38
18 43 51
59 33 46
58 38 81
41 24 73
57 15 59
32 10 44
5 11 71
52 44 59
5 26 64
53 15 88
20 21 45
60 56 12
38 53 76
23 56 37
57 4 38
54 15 56
40 7 78
62 38 24
5 23 79
25 46 40
36 40 99
57 63 33
50 50 19
47 63 82
50 28 31
47 26 53
42 65 48
12 49 92
57 27 43
57 51 68
59 27 36
2 18 65
37 23 30
53 21 53
38 29 82
58 10 54
35 10 27
21 7 86
35 19 92
53 58 57
66 65 15
27 10 78
12 51 20
55 32 28
1 29 63
66 21 26
44 38 95
23 64 39
60 18 6
36 35 82
2 53 33
56 50 85
51 54 98
23 54 35
27 25 97
32 39 86
55 61 79
22 57 58
21 59 92
43 51 66
39 65 65
35 29 47
50 65 71
4 66 38
18 26 18
29 47 45
14 53 96
18 56 62
19 57 92
4 37 88
41 53 45
1 14 80
45 54 53
56 17 14
27 4 9
11 13 74
65 41 78
7 53 95
29 28 10
5 1 61
62 16 7
6 3 60
8 25 1
11 52 9
23 24 99
1 27 82
16 6 66
35 43 40
37 6 87
36 3 15
25 41 50
17 12 30
20 18 15
3 63 38
27 44 25
50 16 77
51 66 65
9 11 81
48 58 93
59 23 58
21 39 69
63 33 82
58 56 8
58 46 78
60 23 91
49 18 54
25 40 67
51 11 38
9 51 95
5 63 5
27 31 43
39 1 50
50 27 20
11 18 55
9 26 23
22 59 59
48 41 35
43 13 75
36 33 68
5 56 70
7 48 80
12 11 25
50 60 41
58 23 27
4 62 69
12 22 53
20 33 4
62 11 55
56 44 30
45 32 55
38 18 97
50 44 45
49 54 34
46 61 30
52 57 38
22 50 6
6 50 38
33 28 11
7 30 98
16 29 36
4 19 45
5 53 23
55 9 32
16 26 10
52 37 4
14 39 50
26 50 66
17 28 45
57 21 63
57 7 86
22 37 39
13 52 29
39 25 87
66 41 85
28 1 2
25 52 43
29 52 68
3 37 64
38 26 4
32 59 99
54 43 92
52 27 84
16 55 80
57 62 78
35 1 96
7 18 14
55 50 96
62 51 77
38 36 66
8 60 49
20 12 6
30 29 16
61 65 73
34 30 34
39 58 45
22 19 48
48 10 35
6 56 47
55 26 18
56 11 53
62 5 21
21 41 12
64 59 46
49 49 29
46 36 8
6 11 0
60 54 25
34 26 94
48 33 5
58 2 55
12 56 73
28 28 72
58 49 24
1 18 42
61 50 27
45 39 79
11 46 29
4 56 7
50 21 43
22 62 43
32 34 49
38 32 7
43 50 58
37 32 24
16 28 67
6 2 5
19 54 58
56 10 73
40 58 50
21 1 78
19 40 7
31 47 3
21 19 61
31 31 39
5 10 65
64 66 29
4 30 74
44 13 89
34 39 28
44 46 4
66 59 72
14 61 55
8 65 57
23 19 10
50 49 47
56 43 85
60 36 5
13 58 63
7 9 12
41 44 9
45 64 59
28 63 39
40 47 6
36 59 6
27 42 93
41 8 84
16 40 89
53 28 85
34 12 59
47 10 71
56 24 17
9 34 27
46 45 3
53 46 84
18 22 89
44 4 42
22 29 60
54 11 45
43 4 40
29 39 46
34 53 20
14 10 10
6 22 55
31 59 26
66 62 40
20 58 80
32 41 62
24 66 47
60 65 7
51 51 68
7 17 77
11 63 94
60 60 32
64 3 23
6 21 75
19 53 84
44 29 96
47 18 60
52 45 64
22 10 52
64 39 39
42 30 78
11 16 65
34 15 0
41 40 49
17 51 76
64 54 15
33 7 86
42 12 90
65 38 73
4 5 26
13 12 95
46 64 33
13 37 97
54 13 80
13 65 45
65 35 20
24 4 64
18 8 83
25 32 77
35 53 7
20 35 21
50 14 5
27 37 0
1 54 16
58 58 22
41 3 5
47 58 53
23 65 15
21 28 27
2 48 27
17 18 55
8 27 94
31 58 86
13 23 51
46 18 96
59 52 87
33 53 8
12 54 92
34 19 59
65 62 71
50 24 36
4 34 91
13 59 29
24 32 86
27 56 60
10 1 31
11 14 66
59 24 89
27 45 98
42 45 3
23 30 21
28 32 49
15 27 66
20 20 32
20 41 80
32 40 81
62 55 13
20 46 28
15 32 15
49 52 51
34 65 92
31 2 77
7 13 27
33 25 54
41 49 70
2 40 18
65 4 21
36 20 43
56 56 42
33 14 49
66 12 80
59 6 17
27 17 31
39 30 14
55 27 43
20 43 53
21 43 69
38 46 99
53 20 5
49 15 6
6 5 42
65 20 50
4 61 44
56 52 94
66 11 74
66 43 48
61 45 23
22 65 98
63 7 82
30 60 29
63 10 97
33 49 45
16 49 95
34 34 58
28 55 38
23 51 98
26 11 5
49 66 21
48 17 40
38 7 44
11 33 17
26 53 71
16 42 7
19 30 80
1 25 20
7 52 47
18 27 3
1 12 46
56 42 0
48 13 90
63 1 13
35 40 7
50 33 7
54 40 38
47 17 38
12 32 94
21 10 5
4 38 20
38 51 37
39 43 9
57 26 96
43 64 6
8 53 76
60 27 93
29 26 6
55 12 47
13 17 5
24 25 17
32 61 63
11 15 16
28 48 16
22 21 85
51 55 21
48 8 59
13 15 69
35 57 8
28 54 36
27 48 64
22 20 72
3 66 98
49 8 7
33 41 94
64 1 81
53 47 75
4 58 7
60 42 89
53 37 88
31 38 30
41 51 1
59 5 50
2 42 77
39 17 81
14 17 23
18 50 42
65 33 90
44 10 49
28 15 91
6 38 34
57 46 6
16 15 52
54 25 43
47 64 7
66 5 90
50 48 89
48 4 91
44 62 36
65 30 56
58 11 24
9 58 96
47 2 87
2 51 41
6 66 6
54 59 14
65 58 20
62 32 29
30 53 81
45 66 66
20 9 40
9 62 6
25 65 12
10 39 69
9 12 49
16 13 27
49 53 87
17 44 39
20 51 70
37 37 32
8 44 58
31 34 34
13 26 20
62 52 74
29 15 2
36 30 19
60 20 10
25 9 4
58 41 8
14 41 88
19 63 33
57 12 17
66 58 42
41 26 64
57 39 99
55 58 72
22 61 86
8 33 52
11 57 73
32 6 40
2 24 81
27 46 59
49 59 68
26 21 7
2 62 4
19 6 22
61 6 95
2 17 24
29 58 87
44 36 16
32 47 68
45 12 22
37 35 11
8 12 3
2 12 92
49 27 3
25 30 14
65 26 31
4 22 56
16 9 87
24 35 84
18 6 21
19 27 82
57 58 96
27 3 72
21 60 83
3 29 5
20 5 17
35 46 24
39 9 11
64 9 60
10 7 54
10 65 5
8 50 78
28 66 68
9 42 88
32 49 21
18 36 35
40 64 68
29 46 63
14 30 92
44 1 14
38 40 24
66 22 19
56 46 0
19 55 87
63 12 79
53 65 23
66 34 54
65 18 81
20 30 93
45 40 60
3 34 5
38 20 69
49 65 25
31 19 19
65 37 17
64 21 43
23 43 84
22 36 39
18 61 2
49 38 97
1 7 18
23 57 44
49 9 35
21 37 45
56 36 32
36 53 47
36 62 39
11 28 19
59 34 96
31 40 98
2 10 1
9 13 95
22 58 7
62 54 31
11 1 33
63 6 92
32 56 45
45 2 77
46 24 84
33 66 17
41 60 78
47 57 81
60 22 44
47 47 27
29 5 28
62 25 42
39 8 79
37 33 90
27 36 90
49 2 76
60 38 44
7 59 69
31 26 10
20 63 13
44 58 88
31 50 62
42 21 45
21 16 61
3 44 45
21 2 56
3 24 57
32 31 16
43 49 3
63 50 42
52 42 29
8 47 53
62 34 87
66 46 95
28 49 34
19 43 11
37 57 41
53 40 57
16 41 70
44 28 83
1 62 72
16 46 61
5 32 94
18 18 31
52 15 6
34 36 0
3 42 86
60 31 58
19 60 57
4 60 48
54 7 7
43 12 57
59 44 17
42 49 5
43 3 64
41 37 39
5 39 43
61 38 99
25 58 92
40 21 7
59 30 48
38 39 37
9 32 27
13 30 51
15 35 60
57 25 24
57 1 17
11 10 75
18 5 48
38 27 80
45 24 11
7 47 52
63 37 94
14 12 62
6 48 19
64 61 18
53 1 66
52 24 81
52 34 14
19 64 56
66 29 68
26 58 91
57 29 26
27 30 45
34 61 86
14 37 53
28 65 27
51 56 97
65 6 12
36 8 71
50 57 31
45 59 80
25 11 44
23 34 9
30 9 57
61 54 40
41 5 18
38 13 10
7 8 49
22 35 61
32 33 26
63 53 36
47 66 90
45 62 64
3 33 59
12 23 8
13 27 91
66 2 19
58 12 58
6 51 27
42 22 47
13 41 87
48 43 73
61 3 87
31 65 21
37 15 24
17 60 37
15 50 18
1 47 50
62 42 45
5 60 13
6 35 79
37 12 42
27 27 55
8 57 80
28 40 49
48 34 87
21 27 61
51 22 39
49 31 67
7 49 84
33 18 28
4 17 15
11 43 86
45 57 72
2 65 90
15 44 93
35 38 36
21 45 71
27 6 97
29 45 29
59 43 13
48 21 54
22 17 93
3 47 2
23 48 10
45 4 78
65 65 16
40 42 64
64 64 58
42 36 41
41 27 26
8 17 58
50 66 69
18 16 15
32 27 23
25 6 71
16 66 98
9 54 5
48 24 42
2 64 2
15 55 23
35 41 17
14 7 71
26 63 29
13 61 85
40 60 4
11 4 34
18 19 86
50 17 8
1 34 7
29 42 38
4 21 41
22 49 35
56 57 48
3 22 89
48 52 70
15 22 71
61 31 8
12 62 9
40 14 89
29 21 4
26 39 36
14 49 78
62 20 61
8 45 86
7 31 50
7 44 28
34 16 48
58 27 68
56 38 33
29 29 64
18 12 31
47 24 50
64 27 8
22 30 94
61 53 55
1 36 33
16 48 70
19 42 64
36 5 20
9 6 51
3 40 43
46 47 51
37 66 65
36 21 72
8 9 19
25 64 49
23 27 69
29 6 18
36 11 78
9 46 42
23 49 16
17 23 58
59 40 66
9 24 52
64 4 38
25 61 45
13 49 32
49 47 86
53 27 70
39 66 60
26 1 16
35 30 21
63 13 70
44 21 48
31 39 69
39 3 68
40 61 15
51 5 17
53 66 23
15 63 22
55 45 39
60 46 19
50 54 44
34 29 77
41 36 8
26 42 72
13 33 6
22 2 9
1 52 73
61 60 11
37 60 60
34 11 86
20 16 25
47 33 24
38 33 63
24 12 11
25 66 9
28 10 63
25 10 74
16 53 50
10 64 98
31 52 55
7 2 71
48 3 41
35 7 39
1 1 13
25 3 89
27 33 90
53 56 95
64 62 43
49 25 79
56 61 45
59 41 62
44 48 73
53 9 43
3 20 62
29 2 89
4 42 61
18 14 65
51 29 87
6 30 52
16 37 67
26 2 61
29 37 76
5 3 61
10 19 90
41 22 3
34 6 98
38 15 69
48 32 50
4 47 69
19 26 72
13 36 63
55 21 15
52 50 81
6 31 38
24 10 27
18 37 20
38 22 15
31 51 49
61 59 21
47 13 72
8 52 49
8 19 90
50 62 59
54 6 28
16 8 35
33 64 51
51 46 64
36 43 71
17 30 97
17 55 7
45 33 38
20 27 20
39 16 44
53 55 55
52 23 71
26 8 93
2 60 13
23 25 59
63 65 24
58 42 62
23 26 48
10 33 38
4 9 53
40 6 56
59 55 68
33 35 27
7 7 62
62 29 26
3 19 10
65 46 42
57 38 17
50 30 26
24 60 6
9 47 30
39 48 27
61 28 32
47 22 5
23 50 71
24 24 99
20 48 83
6 60 0
55 18 20
11 29 59
24 61 6
2 1 44
57 34 53
16 65 46
12 31 43
2 34 90
20 49 21
60 9 83
6 17 84
21 14 8
1 56 72
37 24 79
39 7 36
28 39 39
46 14 30
38 19 30
44 6 86
10 30 27
23 32 33
53 25 54
65 56 0
49 55 24
14 51 53
19 13 21
51 13 80
3 60 4
10 12 88
58 52 37
22 63 61
44 12 16
46 46 47
61 10 86
52 12 69
62 33 13
23 39 11
56 20 36
35 26 56
1 41 94
50 29 83
24 64 87
36 24 99
25 59 16
19 25 54
11 53 18
37 50 42
11 3 62
42 53 16
15 2 92
8 38 98
9 18 36
18 66 49
13 55 92
23 6 79
26 4 22
13 13 50
28 27 58
32 18 28
5 21 12
63 18 20
30 24 81
32 26 99
37 26 33
30 2 45
11 37 37
18 58 73
31 46 57
53 64 6
65 55 69
31 35 46
53 62 25
48 42 34
21 65 23
35 55 62
27 61 97
16 45 47
16 14 53
32 32 69
11 31 88
41 62 52
43 17 87
50 3 65
44 30 31
24 63 88
57 48 74
43 60 42
31 24 64
28 59 1
8 24 84
62 48 12
23 23 29
38 52 9
10 17 62
64 50 86
46 7 74
56 49 28
15 56 80
17 16 25
30 55 96
42 54 4
24 21 24
23 55 73
29 41 84
31 66 79
66 8 30
41 17 78
54 65 59
43 1 96
16 57 94
16 24 85
23 20 98
6 20 54
32 2 92
61 16 55
6 33 27
10 13 3
52 17 94
46 21 23
46 49 34
5 14 9
49 5 58
10 59 91
21 63 62
38 63 41
11 8 94
31 55 62
35 42 93
9 59 93
38 42 79
40 9 63
32 21 49
66 60 48
8 6 62
16 32 6
40 52 2
17 25 70
49 10 96
51 15 21
60 53 22
18 64 75
12 41 12
42 46 98
45 14 14
38 50 65
2 4 16
36 63 16
27 2 31
31 1 10
8 46 71
30 5 10
1 58 42
44 14 95
39 35 52
10 34 69
62 27 2
36 26 54
6 46 24
11 7 31
1 65 99
22 45 32
2 54 39
23 16 72
31 16 23
19 16 25
13 3 77
57 66 91
28 36 1
17 54 56
40 4 46
3 7 19
49 29 36
64 8 64
37 39 14
63 52 41
30 18 18
47 50 43
63 14 78
62 15 14
14 4 17
23 14 23
44 26 35
7 66 96
42 13 41
39 33 70
63 64 43
50 10 48
62 59 93
3 65 6
17 38 76
58 45 63
53 59 71
37 17 81
10 46 51
11 49 62
52 65 85
3 12 44
8 31 61
49 6 51
1 48 48
48 64 20
30 41 2
9 35 24
43 52 67
53 51 90
3 53 52
49 4 49
59 11 59
1 55 2
42 63 51
15 39 16
1 20 9
1 4 14
41 28 28
20 42 77
55 36 0
12 47 2
28 45 79
25 5 77
4 25 14
20 15 97
7 41 56
9 23 72
34 33 47
46 22 73
48 63 79
14 20 67
46 30 79
48 38 16
4 28 71
9 61 61
66 35 26
43 24 56
14 26 30
51 47 64
9 48 60
54 31 16
22 33 84
9 45 0
45 45 35
46 17 43
10 41 28
2 59 19
33 40 92
17 17 16
54 3 63
16 47 28
31 37 94
33 44 65
21 31 94
3 46 69
62 62 11
51 30 79
56 22 69
61 43 80
53 39 64
1 61 5
23 1 73
53 53 23
51 3 51
47 54 13
58 14 97
8 8 65
60 13 31
49 40 55
30 30 11
50 5 61
38 12 53
39 51 46
60 16 73
57 13 2
29 56 9
16 7 2
26 43 46
1 51 86
32 58 41
1 22 68
2 41 76
46 40 67
30 40 91
47 43 30
26 51 28
17 1 66
14 25 87
59 19 66
45 51 6
13 32 41
42 61 50
32 51 45
39 6 92
39 39 72
24 49 39
7 45 25
30 43 27
48 66 12
22 39 44
27 35 30
1 60 44
20 59 92
50 2 3
32 60 54
6 64 48
15 10 56
1 38 6
62 63 17
48 25 50
17 33 95
52 2 6
28 2 93
49 36 15
31 9 51
57 30 67
58 34 50
13 20 79
48 22 75
9 36 75
28 30 10
18 28 42
58 28 17
8 42 51
54 26 63
12 30 44
13 29 91
48 55 86
15 19 6
43 34 65
60 55 47
35 54 55
64 22 63
50 46 38
56 37 53
15 8 21
3 32 67
29 12 60
62 13 32
58 36 20
13 21 55
6 45 9
59 57 14
25 63 83
13 1 92
24 28 43
7 22 11
29 61 22
48 18 88
38 54 4
29 54 13
43 37 92
47 6 66
56 9 29
38 16 94
65 64 51
60 15 61
38 2 73
19 66 34
6 24 25
2 2 48
58 17 39
65 29 64
55 37 17
42 66 10
25 55 48
42 41 46
61 49 67
20 54 57
5 57 55
28 7 74
10 43 96
45 17 94
15 59 84
4 46 92
61 51 91
36 14 98
57 28 68
58 24 49
12 12 19
53 12 11
51 63 67
24 33 66
42 25 22
26 45 3
27 47 13
35 51 0
41 9 26
23 46 18
25 51 10
37 54 62
66 1 86
66 56 92
5 24 48
12 27 72
32 30 97
57 65 11
64 34 10
33 46 0
17 15 39
26 33 20
28 14 71
4 31 66
58 64 9
3 49 67
4 16 19
46 19 42
66 27 8
16 30 70
42 37 23
19 2 61
22 23 59
37 8 65
19 52 58
44 55 39
18 52 22
38 37 32
18 62 31
13 22 90
61 62 67
36 36 84
45 48 30
66 38 57
16 59 1
13 14 33
44 19 1
26 20 69
23 42 63
46 55 22
54 56 62
49 45 49
28 5 98
28 60 1
60 12 49
3 45 23
59 35 56
25 29 20
24 40 52
43 15 16
7 56 31
44 35 73
28 38 70
15 42 71
18 10 8
3 3 85
10 54 21
35 60 75
8 40 79
44 22 66
11 17 71
29 4 58
39 44 7
57 60 92
57 43 75
9 10 14
5 13 48
62 31 2
43 25 92
47 52 66
10 26 2
43 14 41
36 66 37
58 37 83
26 24 49
22 28 92
11 40 16
35 56 98
65 24 95
65 17 66
14 42 44
3 57 21
8 29 74
5 45 36
25 45 53
42 39 93
41 63 34
29 36 58
33 54 33
16 54 15
16 10 65
11 11 73
54 8 98
7 23 90
34 20 49
11 38 8
34 37 61
25 37 16
57 20 88
35 3 76
8 34 79
30 11 60
63 27 38
64 56 13
5 37 81
22 43 72
7 26 74
42 1 37
21 3 62
21 21 38
19 28 92
41 56 11
28 23 48
2 3 17
14 52 19
27 65 10
34 27 31
56 25 60
29 55 52
42 7 90
10 31 22
45 36 10
63 60 39
35 49 41
1 46 74
1 8 81
37 1 24
48 56 19
10 42 2
16 51 68
53 32 7
60 34 20
23 47 4
23 2 53
50 11 97
17 31 0
55 22 12
2 13 67
20 64 37
41 6 21
2 55 47
40 27 4
45 63 12
24 57 33
32 65 3
47 48 99
55 55 18
34 50 0
21 11 50
12 5 99
64 13 76
42 64 12
37 30 93
36 4 47
61 15 25
50 45 15
43 7 36
22 9 53
44 44 4
30 52 8
63 59 20
61 20 39
43 16 84
31 63 31
3 30 97
42 34 48
37 51 46
40 56 17
25 25 64
4 7 88
43 40 37
25 28 4
60 14 14
64 12 14
42 18 16
51 40 18
20 55 65
41 61 69
3 58 85
17 3 88
28 64 96
57 57 66
63 34 61
18 3 6
3 55 57
27 54 20
6 7 73
60 44 26
61 61 11
10 53 9
10 66 37
40 12 56
27 5 18
12 6 7
46 2 67
18 40 68
19 49 14
45 13 48
26 61 74
1 40 65
6 6 33
20 31 43
39 13 19
15 23 92
5 5 97
39 47 68
35 32 94
2 56 57
18 21 73
16 25 78
30 1 57
18 54 32
20 8 47
35 35 71
2 11 58
9 21 6
62 24 34
44 5 54
29 59 23
6 36 51
33 61 80
5 65 61
13 24 51
41 11 97
48 15 41
9 66 32
13 25 5
57 18 75
51 42 98
19 50 11
42 28 17
66 55 95
56 45 78
8 5 92
31 36 16
33 33 33
19 61 23
74 230
1 2 607
2 3 568
3 4 188
4 5 439
5 6 545
6 7 614
7 8 175
8 9 790
9 10 97
10 11 422
11 12 307
12 13 933
13 14 400
14 15 915
15 16 850
16 17 315
17 18 518
18 19 290
19 20 673
20 21 201
21 22 249
22 23 529
23 24 780
24 25 660
25 26 953
26 27 631
27 28 721
28 29 389
29 30 325
30 31 981
31 32 890
32 33 855
33 34 146
34 35 699
35 36 655
36 37 408
37 38 350
38 39 878
39 40 347
40 41 756
41 42 464
42 43 769
43 44 422
44 45 991
45 46 618
46 47 441
47 48 875
48 49 186
49 50 393
50 51 446
51 52 290
52 53 672
53 54 12
54 55 526
55 56 393
56 57 545
57 58 540
58 59 620
59 60 159
60 61 198
61 62 507
62 63 577
63 64 753
64 65 765
65 66 944
66 67 666
67 68 648
68 69 168
69 70 841
70 71 771
71 72 730
72 73 425
73 74 34
6 37 9
43 35 97
27 55 9
60 26 54
57 20 60
50 63 52
29 45 84
52 69 43
28 12 0
50 26 69
40 4 95
38 39 5
30 35 38
12 8 83
43 57 70
56 21 26
18 10 82
38 15 39
60 4 43
1 63 70
50 33 42
74 49 82
52 20 60
42 36 6
13 14 60
24 60 95
3 52 99
20 70 99
16 24 85
51 31 43
37 69 9
64 14 22
6 38 38
67 19 11
49 28 66
69 26 86
31 23 84
56 54 77
64 53 23
4 4 85
55 52 83
59 24 21
2 46 10
3 53 13
68 58 30
44 62 94
22 53 9
16 39 77
62 5 83
63 52 10
9 14 46
62 62 52
69 48 12
71 36 66
56 29 37
35 47 96
32 46 45
32 33 34
10 46 43
4 25 71
6 56 74
9 15 35
29 39 25
11 25 75
64 68 87
30 29 2
70 41 49
33 15 91
9 25 43
32 63 5
3 35 29
10 59 50
61 46 6
14 15 55
27 54 40
37 65 75
18 19 59
14 39 37
63 28 77
29 49 0
41 72 53
38 59 39
42 29 21
6 70 70
22 1 5
11 33 96
14 40 65
7 6 77
53 36 28
72 50 1
16 19 29
33 14 5
72 31 29
16 26 15
54 62 7
25 30 38
13 57 77
20 71 63
71 32 83
47 1 52
57 39 57
13 65 79
39 66 6
1 5 75
52 26 20
54 4 6
15 5 14
54 12 39
66 21 36
10 23 6
20 46 69
65 46 13
62 39 24
25 17 19
63 14 72
11 26 88
64 25 97
68 12 5
17 27 57
11 6 46
70 56 29
7 58 50
60 40 97
49 44 71
29 25 91
5 25 91
16 71 44
33 3 98
42 56 30
11 2 89
24 43 80
20 67 91
20 54 64
21 30 31
35 31 88
29 6 39
51 64 57
43 7 53
28 57 54
36 65 14
2 67 64
22 19 89
44 45 61
20 53 80
27 19 2
67 16 68
7 53 32
54 37 78
72 2 1
50 1 10
13 21 12
70 14 19
39 30 71
66 12 42
10 62 51
11 18 74
58 57 76
92 2708
1 2 573
2 3 913
3 4 290
4 5 509
5 6 652
6 7 246
7 8 100
8 9 52
9 10 861
10 11 746
11 12 479
12 13 933
13 14 525
14 15 210
15 16 218
16 17 587
17 18 683
18 19 551
19 20 116
20 21 564
21 22 390
22 23 517
23 24 502
24 25 980
25 26 280
26 27 555
27 28 534
28 29 493
29 30 597
30 31 965
31 32 897
32 33 461
33 34 505
34 35 231
35 36 281
36 37 128
37 38 633
38 39 634
39 40 279
40 41 271
41 42 368
42 43 691
43 44 379
44 45 617
45 46 941
46 47 458
47 48 74
48 49 162
49 50 195
50 51 185
51 52 79
52 53 522
53 54 138
54 55 486
55 56 213
56 57 471
57 58 668
58 59 146
59 60 707
60 61 37
61 62 90
62 63 643
63 64 337
64 65 580
65 66 31
66 67 38
67 68 378
68 69 251
69 70 21
70 71 881
71 72 323
72 73 260
73 74 471
74 75 745
75 76 571
76 77 560
77 78 479
78 79 671
79 80 139
80 81 940
81 82 745
82 83 760
83 84 496
84 85 956
85 86 240
86 87 109
87 88 959
88 89 87
89 90 144
90 91 776
91 92 400
72 84 29
11 52 83
37 31 22
41 32 34
59 75 58
73 13 70
42 63 62
47 27 44
27 6 40
1 46 92
80 47 92
27 33 13
30 31 63
33 22 78
21 81 17
58 84 77
64 43 20
36 7 0
14 8 61
3 82 18
60 1 69
26 68 81
33 14 54
79 53 97
34 84 67
31 86 73
73 48 64
88 32 65
11 78 14
1 73 85
82 75 80
37 27 52
65 67 1
28 72 53
56 49 81
68 59 68
84 73 13
30 33 49
8 62 6
80 14 56
28 57 83
36 90 40
69 60 64
84 44 87
64 6 16
67 47 38
64 74 50
8 34 40
78 57 0
19 5 32
87 83 63
59 78 3
37 46 65
8 15 18
38 53 42
17 44 19
76 89 11
71 4 23
39 52 14
34 51 93
15 59 52
68 12 38
18 59 8
30 52 72
11 67 56
19 58 77
84 39 52
78 50 30
9 7 26
12 45 82
90 70 96
76 30 98
16 7 28
2 38 18
21 7 93
40 48 55
3 69 9
67 56 78
52 22 34
21 78 40
9 48 56
31 44 96
4 54 18
53 9 14
22 4 49
17 62 64
17 81 50
33 76 89
28 70 28
70 18 5
69 29 57
56 33 39
68 6 40
56 92 22
33 84 65
27 74 55
48 69 21
76 29 83
42 21 54
53 42 97
62 88 61
41 71 4
16 11 17
29 34 88
88 61 13
5 51 49
47 64 14
53 74 28
12 41 95
50 69 15
1 1 48
70 54 6
5 48 38
80 65 42
8 77 5
54 89 72
3 57 94
37 50 79
26 89 90
23 42 73
37 57 16
57 12 40
32 28 56
7 3 78
62 92 30
43 56 29
19 50 92
83 30 47
91 17 28
64 70 97
38 35 6
73 28 87
68 37 58
62 78 43
78 14 83
70 55 50
70 27 2
78 41 21
75 89 4
44 90 36
1 13 3
16 18 96
55 64 54
81 80 44
22 51 22
15 38 26
68 28 6
23 64 6
21 65 57
73 37 80
37 23 97
17 54 72
37 13 94
31 49 33
42 16 89
71 21 39
4 19 3
33 42 84
21 24 75
65 66 83
34 79 43
20 70 69
15 5 99
22 75 73
87 72 32
43 75 92
48 11 3
70 85 81
22 48 96
70 51 3
26 66 72
68 77 34
80 17 29
1 54 27
88 6 37
92 31 56
85 14 78
18 31 40
48 71 48
47 50 5
23 19 24
49 61 6
61 90 9
9 26 52
40 50 27
74 1 27
57 70 22
23 90 86
35 36 55
30 86 13
72 49 83
59 51 96
62 36 38
36 4 48
22 17 13
1 66 4
18 14 58
8 11 11
34 9 95
85 71 5
45 24 53
56 29 73
59 37 22
5 2 18
23 77 91
28 79 13
46 69 70
85 27 30
6 30 10
71 69 98
89 70 80
84 18 31
69 28 48
62 84 60
27 34 88
92 61 15
81 52 45
3 45 31
52 90 40
75 79 51
20 16 47
54 88 41
91 19 8
70 10 0
17 50 23
6 87 43
32 52 16
34 37 17
17 64 33
92 24 52
2 39 96
65 86 13
88 23 56
79 36 12
42 88 51
21 23 31
38 6 81
16 70 43
10 75 23
28 25 32
82 55 44
89 85 4
55 36 10
44 35 78
57 43 95
27 20 3
17 28 32
41 48 51
17 3 81
27 3 83
36 46 2
90 10 5
62 13 44
1 24 59
53 73 43
29 10 5
34 23 9
83 27 41
63 6 7
70 79 14
6 18 16
82 21 1
5 88 84
81 79 87
50 16 65
17 16 54
42 50 32
63 72 12
60 85 40
76 53 57
50 28 1
56 30 91
34 4 91
7 40 11
35 65 93
19 63 90
18 7 72
12 6 1
22 22 18
11 60 92
19 7 5
82 18 51
38 68 64
9 88 95
78 87 43
22 31 74
30 79 73
76 64 47
65 46 8
53 85 10
8 52 9
54 23 28
45 30 20
17 60 84
66 54 29
7 11 2
75 64 94
79 62 33
68 75 83
81 38 90
20 61 0
2 49 66
88 90 46
55 92 96
58 28 1
16 15 75
87 49 27
35 84 49
6 77 91
32 58 15
55 71 92
80 71 86
14 81 66
3 76 90
80 54 14
28 14 77
1 32 5
85 5 67
10 30 78
69 33 43
56 65 53
11 33 96
40 65 3
33 21 93
45 81 60
47 66 28
26 48 56
16 41 71
33 40 79
42 35 12
38 76 21
71 82 53
13 85 47
4 92 90
79 14 40
60 46 78
33 79 66
29 25 88
32 55 86
56 8 20
18 60 41
53 59 41
84 81 24
73 20 87
66 81 55
86 76 84
63 20 79
26 72 6
70 76 10
91 13 27
32 7 60
71 3 90
45 35 62
39 28 93
85 63 65
1 57 8
33 57 38
58 63 41
63 8 96
7 13 92
75 26 59
61 62 63
64 69 57
35 74 90
22 45 35
83 41 15
5 82 45
70 73 69
54 54 61
58 37 68
23 61 31
44 44 63
38 89 13
37 52 4
37 53 57
4 32 39
66 63 35
55 5 46
55 13 70
25 60 24
48 30 48
26 33 62
34 33 29
32 34 45
29 88 68
44 86 37
40 45 62
24 11 28
73 58 94
88 50 87
10 92 86
29 5 85
12 7 15
5 22 39
20 17 11
76 51 91
36 10 64
86 47 71
73 92 85
92 86 25
12 13 82
45 2 74
16 33 60
43 18 96
40 80 15
26 87 5
49 52 2
1 26 32
15 40 63
45 86 77
75 34 2
58 71 96
8 50 4
2 62 3
78 63 78
15 69 79
71 1 23
84 75 61
21 54 29
44 88 99
18 30 73
34 69 7
17 30 64
59 80 39
42 27 18
48 2 28
11 27 29
12 34 12
84 21 7
72 8 0
65 17 42
6 8 42
88 35 35
69 53 38
42 68 27
91 4 6
66 33 95
9 39 67
8 40 71
58 20 50
66 73 32
51 28 12
40 58 69
4 78 87
58 83 86
45 15 92
1 65 41
54 73 80
8 57 48
60 32 3
5 79 47
88 19 35
70 8 55
38 70 83
89 49 19
32 65 92
41 55 78
45 82 31
90 50 29
86 82 59
55 76 2
68 4 75
41 90 89
71 18 32
29 21 43
81 51 72
88 8 94
60 43 7
43 26 90
12 31 12
41 69 44
25 14 90
33 8 29
64 46 37
73 67 66
90 54 27
77 86 63
40 46 50
1 80 26
75 62 56
39 20 21
53 90 69
38 62 35
37 85 39
80 11 27
45 25 4
40 26 69
3 80 60
48 10 27
38 80 3
52 65 80
78 31 14
80 7 10
40 27 56
50 51 96
5 83 20
12 61 39
89 41 94
29 38 84
69 14 76
68 84 68
15 60 33
18 12 83
55 68 1
75 90 14
89 89 60
79 38 19
62 24 85
14 74 3
34 80 5
25 56 76
19 3 57
28 5 26
85 55 97
83 69 47
3 4 53
41 11 34
41 64 74
80 58 27
19 48 77
18 37 67
50 10 90
8 31 28
13 77 28
15 71 43
56 51 11
8 42 17
63 50 92
30 15 21
79 13 20
50 31 30
1 15 29
89 34 55
15 61 73
81 81 22
38 92 97
24 18 54
43 46 50
13 72 9
18 19 87
43 59 78
81 5 85
5 24 49
73 16 95
84 2 16
16 35 19
87 9 76
32 68 63
39 26 67
36 18 75
10 80 34
7 27 6
19 59 94
48 54 26
40 52 61
2 66 74
79 68 8
92 83 68
67 74 83
14 30 18
32 67 73
30 51 15
61 67 41
40 20 59
81 47 59
91 9 60
76 50 27
42 26 79
89 36 51
59 47 11
80 36 21
35 20 16
77 74 24
43 83 66
59 27 17
39 55 53
47 25 33
5 21 60
50 26 98
89 10 9
87 61 22
33 46 18
92 65 86
62 74 63
74 20 72
15 25 62
92 92 1
29 39 17
39 42 41
31 31 64
72 29 85
63 54 5
80 56 88
54 29 23
41 21 81
33 23 58
2 80 2
56 5 89
60 54 89
17 63 42
92 49 1
25 61 94
12 19 28
63 71 90
6 86 26
72 92 36
51 51 11
50 61 57
11 10 56
9 43 9
74 10 57
81 64 61
47 90 22
24 37 21
49 73 20
13 26 24
49 69 16
53 27 32
32 37 97
84 66 69
35 7 68
20 56 43
51 53 26
24 59 64
21 3 50
92 37 77
78 60 36
53 66 20
88 20 61
60 63 10
91 5 95
60 57 19
90 92 55
48 47 41
38 55 61
56 83 0
84 27 53
19 8 96
69 22 91
24 52 51
22 18 45
2 51 7
24 79 62
83 6 99
65 39 66
21 76 49
86 38 29
29 6 16
64 45 2
43 54 8
90 89 32
2 10 22
14 90 64
42 40 51
85 22 19
82 68 62
32 79 68
49 54 80
3 84 65
56 47 99
11 4 49
85 58 39
92 77 71
50 64 85
91 68 41
45 75 96
27 19 48
16 68 21
16 44 37
87 2 72
76 65 47
57 13 21
44 28 0
35 57 42
59 38 65
41 4 89
42 87 0
21 32 61
13 67 98
28 3 62
13 63 26
16 62 49
36 24 61
27 18 9
89 57 94
82 89 67
39 62 76
65 36 28
22 42 74
14 3 84
52 54 76
80 24 45
14 77 52
61 73 14
63 49 99
27 92 35
72 48 24
7 5 72
32 78 36
88 39 58
4 27 54
59 55 62
9 66 96
10 27 59
2 35 57
9 5 71
54 91 16
84 86 49
27 15 78
26 4 20
60 70 70
38 31 99
21 10 11
55 67 47
27 68 64
31 73 7
62 55 74
84 16 12
2 58 96
22 10 31
49 37 28
17 83 64
42 64 7
53 8 6
1 30 73
14 63 9
8 82 16
42 31 27
62 67 85
41 62 69
61 64 35
76 92 2
1 27 58
84 4 27
24 33 15
65 44 44
25 79 33
34 72 6
17 27 0
32 2 11
91 82 90
86 12 24
47 6 21
13 21 95
41 25 98
83 51 99
23 56 94
23 7 31
41 42 33
50 43 35
77 11 41
55 21 0
62 52 43
62 77 66
33 90 54
58 1 53
45 44 45
69 80 40
87 64 20
41 56 23
42 20 66
18 64 59
67 8 6
80 92 74
71 92 18
66 24 54
32 87 68
92 7 70
53 16 43
28 66 37
39 18 48
74 15 52
9 80 96
72 44 15
32 76 85
46 9 47
52 59 45
20 36 19
59 16 94
65 54 28
5 39 87
52 20 27
58 33 3
84 17 60
90 91 94
71 44 70
28 13 2
63 69 72
64 22 98
46 17 3
7 48 25
52 35 59
29 51 67
45 72 55
11 82 8
26 28 29
43 41 36
43 52 49
19 21 92
27 60 93
13 71 35
10 44 45
28 74 26
87 88 85
32 30 29
77 44 3
74 23 28
49 76 40
46 8 25
83 85 65
59 62 42
48 39 83
73 19 39
83 28 29
44 68 7
60 4 89
8 58 59
26 80 91
92 47 96
32 59 28
50 68 48
39 49 34
80 48 65
28 81 50
44 67 17
44 30 27
40 73 24
21 73 56
68 24 53
90 32 53
49 60 6
1 75 89
14 56 85
56 22 39
7 46 83
60 48 31
63 3 96
13 80 13
74 8 42
35 8 4
20 44 20
11 43 8
44 79 7
24 70 71
73 68 45
67 16 67
90 37 48
58 48 75
34 26 66
39 1 0
31 13 47
29 58 78
86 29 98
32 39 40
86 56 87
50 30 78
78 92 17
85 87 1
20 24 3
8 5 39
57 57 35
25 40 32
82 83 25
54 26 95
87 43 70
52 46 24
38 20 73
6 50 1
24 12 29
58 9 15
56 50 80
39 60 33
43 73 75
27 50 77
37 41 68
25 13 60
4 24 99
72 10 88
33 83 77
20 30 9
34 49 51
73 72 92
27 48 34
23 2 11
66 11 81
32 61 72
79 17 17
40 4 24
32 46 93
48 44 50
38 24 89
12 54 46
1 69 57
20 41 52
87 11 80
84 60 5
62 86 57
18 77 10
19 77 32
16 72 35
91 67 14
2 21 30
51 15 19
86 90 96
64 82 92
25 5 79
83 22 11
92 3 65
51 67 65
39 50 33
69 12 14
70 33 38
37 16 17
83 32 2
86 36 63
79 83 78
68 5 55
57 39 78
75 39 12
31 85 40
89 68 56
89 78 55
47 2 18
12 9 46
10 6 48
92 54 57
75 48 75
2 67 19
91 20 46
91 59 28
39 14 44
4 79 73
29 40 12
82 30 65
32 49 8
87 82 29
81 15 56
41 51 35
39 3 64
57 44 49
8 41 26
58 76 22
84 87 7
65 85 94
31 27 91
76 42 95
13 59 47
49 27 83
5 34 40
21 50 21
38 12 31
40 44 29
41 67 28
45 91 14
66 4 93
56 79 12
81 34 39
40 28 37
35 26 79
21 18 56
73 10 88
32 42 21
66 27 20
5 49 70
43 36 0
16 89 9
92 70 19
26 88 35
18 33 5
39 53 80
42 56 96
44 63 47
52 50 4
48 84 93
9 11 2
16 27 83
55 89 31
29 2 84
9 8 62
60 64 53
15 2 50
84 53 75
67 69 26
20 79 36
42 66 48
25 92 29
13 50 1
85 16 69
8 84 35
63 84 37
11 55 72
22 34 70
28 22 27
83 25 17
66 41 94
36 12 94
31 69 35
46 87 38
85 10 71
50 18 42
31 76 70
60 71 73
45 29 51
49 90 4
91 80 77
27 55 17
87 8 51
4 82 80
75 92 19
65 65 3
19 75 33
34 50 47
74 83 10
75 74 36
59 35 26
8 48 9
34 52 40
25 43 63
64 31 95
63 74 45
17 55 29
39 77 60
2 46 48
58 87 36
31 23 4
4 81 55
27 65 11
30 57 54
91 66 52
24 63 23
65 74 72
50 25 49
75 66 19
12 21 41
78 80 66
1 62 55
42 61 54
79 40 87
50 65 62
86 34 72
83 9 67
33 74 34
80 80 15
19 47 93
39 43 66
34 38 42
91 10 75
38 48 57
47 14 51
82 66 19
52 9 28
53 4 59
10 20 77
20 55 64
30 37 9
84 20 84
21 52 31
33 12 63
32 24 59
3 54 85
14 45 20
52 82 86
64 65 9
44 69 99
81 68 79
50 92 74
76 39 26
79 18 93
5 92 27
16 19 91
68 92 30
48 49 8
70 6 75
17 92 57
55 43 49
56 66 11
27 38 42
35 68 37
40 6 38
4 48 54
42 47 74
61 37 36
18 85 57
89 84 73
47 61 62
57 47 0
14 71 43
63 59 47
3 49 96
51 12 67
54 51 70
54 83 95
71 47 35
77 59 82
79 51 50
78 13 7
1 37 46
28 2 94
80 66 95
16 74 4
6 84 45
76 73 24
4 70 35
23 83 13
41 91 98
71 25 16
49 59 58
33 38 35
87 80 84
79 66 12
13 36 56
89 32 34
12 2 28
14 19 3
57 56 20
37 20 93
72 15 17
92 59 76
76 28 75
40 51 34
17 11 54
82 17 41
13 76 51
68 88 68
56 89 45
30 7 15
15 58 75
85 39 42
70 46 50
20 22 19
34 91 25
85 25 32
54 38 88
68 2 1
85 28 30
34 1 84
27 78 58
92 67 71
15 64 35
67 21 7
13 90 44
56 81 88
17 73 94
58 47 8
63 70 70
73 50 54
76 52 92
72 59 71
68 10 19
64 66 55
45 49 1
9 64 78
55 53 56
27 76 59
76 17 2
55 81 73
62 45 89
3 73 73
53 56 2
10 17 21
36 31 77
55 78 56
68 58 6
45 48 94
78 67 56
7 49 66
75 52 99
49 58 83
70 53 76
64 1 71
50 44 78
68 51 35
60 55 80
48 76 92
19 11 14
79 88 12
89 62 16
85 29 39
15 54 65
73 87 30
44 89 1
87 59 76
84 36 43
12 88 85
60 24 95
11 65 76
26 31 53
46 55 22
70 74 33
80 22 16
73 90 15
90 59 74
17 59 9
88 63 18
74 92 64
15 75 72
57 81 0
21 87 96
22 70 37
16 63 18
34 21 30
69 8 76
41 14 21
79 3 31
60 40 81
15 90 50
19 84 44
18 45 17
80 55 33
89 83 62
66 76 10
19 40 61
48 92 2
33 48 70
61 56 87
45 21 70
66 52 91
49 81 82
83 55 8
89 86 21
81 91 72
5 10 47
29 43 72
90 71 22
75 13 24
49 41 57
54 40 62
89 1 32
31 17 41
81 71 15
14 37 86
82 57 62
2 75 31
3 1 0
74 79 67
59 21 10
61 21 13
73 8 1
37 81 67
46 6 24
12 16 69
51 61 89
68 80 52
10 42 34
85 19 61
38 1 74
65 3 42
27 45 45
8 26 22
68 74 28
63 77 49
5 59 50
34 39 47
62 14 33
9 62 59
64 44 37
39 13 94
11 2 30
29 48 12
40 10 89
51 65 32
69 43 19
30 72 62
56 21 4
37 87 71
59 30 43
39 6 68
58 42 45
55 33 58
1 67 31
33 63 70
58 58 47
8 64 35
89 51 88
16 57 77
3 89 85
85 40 82
56 85 4
67 15 37
51 64 88
86 72 83
73 42 95
45 90 61
62 83 51
37 56 88
87 69 6
71 17 23
76 91 56
78 19 86
34 14 50
34 56 99
61 38 55
11 88 23
14 51 87
37 39 93
42 59 52
64 91 10
6 49 86
3 41 98
55 66 91
88 52 42
38 64 28
2 18 36
41 59 46
87 66 11
57 59 75
10 64 46
83 52 89
10 38 35
41 19 3
25 18 66
26 24 93
36 82 50
92 46 26
15 10 60
51 46 85
38 73 5
4 72 78
91 8 33
13 9 36
79 87 34
57 54 2
20 83 80
47 45 83
4 75 92
22 89 20
2 82 51
83 67 64
79 37 16
20 19 77
44 59 72
16 13 18
68 46 14
39 56 50
74 19 25
20 15 65
80 30 18
15 68 86
20 21 6
66 39 31
19 76 12
86 16 97
60 29 86
41 82 32
32 69 18
46 27 66
69 52 48
86 61 48
60 58 41
35 40 80
88 60 70
74 84 9
59 61 81
86 21 73
8 20 11
57 15 83
21 60 98
70 80 85
51 4 43
1 50 66
9 67 78
45 89 46
18 35 48
85 4 55
91 37 30
4 52 15
49 12 6
12 67 7
22 2 14
4 57 97
7 44 15
88 47 23
59 89 59
63 45 7
14 86 71
6 65 16
3 83 30
68 66 82
39 33 3
70 13 37
77 45 5
39 87 78
14 32 30
27 39 97
36 5 77
18 34 87
66 44 31
19 87 25
1 14 34
81 77 10
8 28 6
6 76 66
16 40 84
67 77 84
58 88 13
67 30 12
62 73 11
30 75 57
46 75 96
40 62 1
7 82 82
76 5 74
8 83 10
72 81 16
52 29 43
39 11 11
57 5 94
42 79 51
47 60 4
42 15 6
70 42 89
73 2 74
36 64 11
8 43 62
27 90 12
46 73 22
89 13 44
78 22 35
12 84 21
71 35 95
27 22 92
59 10 59
9 31 59
53 89 64
66 19 22
11 54 79
84 42 16
2 54 38
81 31 48
12 76 0
71 53 55
85 26 90
48 62 42
75 78 13
35 92 50
28 48 23
2 44 86
19 9 39
19 81 54
69 10 68
72 41 88
6 58 30
92 18 14
63 67 62
39 19 30
74 18 85
24 71 22
13 35 43
71 52 14
91 2 28
55 63 2
7 66 64
55 1 93
1 76 61
20 20 60
33 32 79
71 26 98
42 6 64
27 87 47
51 60 44
90 77 26
38 37 45
31 90 36
62 53 27
14 17 48
69 79 15
49 16 88
20 25 26
49 44 15
68 29 76
71 20 22
26 91 49
50 83 87
77 84 46
46 91 12
26 17 55
63 56 15
17 52 57
1 23 13
13 66 15
58 21 0
10 62 62
33 65 41
83 45 87
56 3 17
86 66 93
74 41 12
51 85 93
51 6 91
67 10 9
35 86 78
33 64 73
65 81 22
45 16 89
71 11 96
6 22 32
75 14 28
61 53 47
71 33 15
29 92 95
45 70 94
25 72 71
40 77 25
9 82 84
28 45 41
73 64 94
62 51 24
31 3 87
44 26 11
3 20 74
25 59 49
15 12 68
33 33 78
5 70 44
10 35 34
10 34 63
56 2 61
31 41 8
50 70 59
29 35 92
78 28 27
29 7 12
72 85 71
17 69 84
59 48 42
7 2 98
66 78 32
63 34 81
37 26 44
5 73 0
50 82 2
24 2 54
84 91 57
89 91 70
84 15 10
18 62 67
37 72 15
29 17 47
60 68 21
90 90 41
30 41 28
25 22 62
4 61 61
8 21 42
26 20 21
85 80 15
62 63 86
7 72 99
6 92 31
27 51 82
81 60 58
4 6 50
44 91 98
42 69 4
56 17 60
6 61 48
38 52 83
13 54 95
61 43 86
60 86 15
11 75 20
18 57 7
4 29 69
8 27 19
56 7 76
47 46 54
67 87 25
80 32 29
64 16 39
26 21 2
86 39 43
92 28 94
3 34 30
80 77 75
89 35 78
30 24 79
62 44 56
85 88 86
38 57 32
88 55 60
67 76 37
58 51 21
62 6 96
3 23 30
84 80 37
36 85 1
67 33 18
23 17 9
19 89 47
45 74 72
61 84 73
66 57 99
31 16 38
55 22 29
47 44 39
91 70 74
42 2 27
3 35 35
3 36 72
34 88 12
70 47 92
5 61 82
88 7 47
64 11 13
57 17 20
77 22 71
12 63 43
14 31 7
70 77 42
64 37 67
67 22 26
37 7 15
54 85 53
52 18 2
63 37 55
46 56 80
19 70 21
7 54 71
52 63 46
24 16 93
63 21 7
69 38 82
57 75 32
17 45 87
49 10 19
15 15 83
61 57 79
36 40 2
36 22 76
25 4 70
78 45 4
26 62 87
68 14 8
1 22 99
29 9 73
2 40 66
52 61 27
68 49 25
11 50 10
17 88 8
47 72 87
91 91 33
80 75 16
4 77 41
64 54 22
48 55 4
44 34 31
6 59 38
35 79 71
9 49 69
88 56 12
40 14 76
66 6 90
71 16 10
31 29 11
21 27 7
66 37 21
16 82 23
49 29 30
42 11 21
53 68 72
55 10 90
82 39 40
11 59 40
73 41 58
14 83 58
77 5 48
87 35 13
85 47 27
37 10 88
78 17 25
23 71 23
17 90 18
80 61 32
9 9 53
4 64 86
6 23 93
32 53 24
53 75 44
25 88 83
11 21 70
40 64 5
13 51 36
15 85 83
19 43 65
24 3 42
47 39 81
5 45 80
6 43 26
33 17 77
29 1 68
51 75 9
64 35 39
86 85 19
28 61 75
18 42 78
4 56 65
16 52 17
60 20 90
92 15 6
85 49 64
41 45 56
71 59 96
43 35 23
47 16 13
39 61 94
46 19 62
14 21 16
63 64 14
16 87 66
72 80 66
75 3 90
24 39 82
35 11 65
59 31 66
36 81 86
31 47 16
72 57 86
63 1 3
10 8 52
89 47 38
59 14 84
56 40 18
12 83 35
36 47 64
26 51 18
55 31 40
2 33 96
72 77 63
76 22 27
66 40 56
57 62 80
25 30 52
87 87 70
15 44 11
76 77 70
36 19 38
72 62 52
2 4 38
10 26 7
87 34 76
25 80 25
89 30 55
17 9 98
39 78 11
50 50 30
40 3 11
75 67 76
6 80 22
18 81 88
9 15 17
18 44 78
40 81 37
16 32 78
2 50 39
78 35 90
21 69 1
70 87 95
89 67 14
10 56 83
74 39 97
77 3 18
41 92 49
54 72 82
64 52 24
58 45 56
21 40 99
12 39 38
92 82 24
15 19 99
41 23 15
4 38 18
78 10 30
83 53 11
47 13 82
31 63 75
54 24 57
11 45 50
81 26 19
54 37 52
71 84 11
39 71 42
17 89 85
65 34 2
1 49 68
46 83 63
60 31 25
49 28 44
36 50 48
61 16 67
22 13 68
22 47 93
65 71 10
54 28 16
36 53 69
5 52 74
84 67 54
54 86 71
75 54 5
30 81 57
81 76 61
25 2 88
65 8 21
24 48 24
4 86 84
90 74 84
90 26 77
49 26 37
63 32 91
30 16 10
37 67 5
13 88 14
75 38 96
65 15 35
15 41 76
13 41 78
27 69 88
2 2 60
78 29 65
67 58 41
54 33 83
49 66 32
4 1 87
2 3 62
53 28 35
71 2 95
77 33 80
34 55 54
45 79 74
32 31 6
70 34 37
60 5 71
4 46 92
82 15 19
92 34 65
65 2 96
30 19 6
81 29 44
52 13 95
35 66 14
37 2 4
23 51 82
73 75 83
71 61 76
25 33 38
79 86 29
34 36 4
69 84 77
80 16 37
73 57 29
30 60 27
62 25 95
89 71 44
18 89 67
61 3 40
34 74 44
31 33 66
12 5 44
29 67 31
26 46 27
79 1 18
9 28 52
41 52 96
35 32 76
68 39 46
66 50 63
74 56 67
74 81 52
66 88 62
23 75 7
1 8 51
47 20 94
92 91 43
4 63 88
40 49 91
37 11 42
59 28 85
48 77 69
12 66 49
87 17 40
78 65 33
20 69 86
32 70 56
8 2 57
1 45 77
78 72 6
56 58 2
71 50 13
42 82 0
44 82 86
4 7 97
28 67 46
35 5 0
9 16 36
89 40 70
59 88 34
40 82 73
78 7 90
46 29 12
67 52 36
1 85 73
28 37 56
14 10 43
30 3 41
29 83 95
31 20 42
33 35 32
34 57 6
36 83 24
49 30 54
22 63 95
3 43 30
9 35 44
65 25 88
6 13 48
6 45 23
18 68 61
60 22 22
38 90 65
35 17 38
59 70 26
72 50 76
47 8 27
72 71 6
64 29 66
29 74 36
66 32 5
20 50 26
16 39 84
62 60 14
20 65 41
82 69 18
42 78 36
58 39 98
79 12 61
34 53 12
80 49 72
4 16 94
83 84 31
16 79 80
55 86 59
2 9 26
26 15 83
51 10 46
78 47 15
56 87 74
51 24 52
68 22 4
44 58 25
66 66 41
85 38 11
88 10 81
9 84 8
44 38 29
29 65 25
18 1 62
21 57 90
1 59 90
36 36 87
80 62 33
47 76 49
49 62 67
41 47 94
4 83 49
33 61 4
76 68 31
43 32 24
88 49 22
67 43 8
77 9 35
37 76 66
25 7 0
32 19 91
69 9 79
88 31 7
92 44 27
50 41 8
52 12 54
11 89 62
79 11 92
43 10 92
25 34 89
60 89 78
5 72 86
86 19 0
39 81 21
55 55 23
82 37 83
18 80 43
49 38 6
40 41 48
17 32 50
56 31 90
88 27 26
83 48 69
32 64 66
63 68 10
24 13 75
43 84 98
43 1 15
77 73 1
87 1 9
69 18 63
26 57 85
70 83 16
48 48 93
57 41 37
87 31 56
81 70 40
53 82 99
22 72 62
1 7 37
26 58 44
24 34 43
54 34 77
27 14 72
62 22 47
82 14 61
9 65 88
63 75 6
56 6 47
58 66 50
91 56 0
66 67 82
31 6 19
86 80 90
57 14 53
85 46 0
11 28 74
22 88 56
65 60 17
61 40 75
49 46 47
11 84 41
32 36 85
29 24 91
53 18 71
60 50 19
1 21 40
55 4 89
82 20 84
20 62 84
47 74 78
19 55 95
78 58 38
48 42 64
42 75 59
57 52 33
8 59 58
33 53 19
82 38 76
45 88 34
48 14 39
55 24 45
89 42 36
24 8 47
45 60 69
7 69 88
26 55 29
9 54 23
64 5 35
84 65 97
79 91 59
66 38 91
91 74 28
61 29 18
54 10 75
22 12 14
24 56 42
4 87 6
33 50 16
70 82 10
26 45 41
32 84 36
25 52 8
48 56 79
28 60 26
85 6 62
21 30 49
19 64 66
46 3 24
20 66 50
90 48 31
36 57 55
86 58 27
49 18 33
20 43 91
24 88 11
8 38 60
20 80 19
43 65 99
30 70 7
86 81 26
27 81 27
52 31 85
55 8 22
9 42 8
33 37 10
21 37 90
73 65 76
8 80 44
82 46 1
22 44 5
38 74 49
80 60 89
43 63 83
18 73 42
84 25 73
85 91 35
21 79 47
33 47 53
53 41 54
91 11 94
25 63 58
92 30 81
58 11 61
5 87 36
52 77 1
37 65 34
89 66 52
71 8 50
81 69 41
51 80 42
22 14 61
35 56 78
16 26 64
8 60 10
16 2 91
63 9 1
12 81 66
76 82 7
7 61 21
84 88 13
50 46 37
18 76 83
9 78 59
86 5 79
64 3 29
41 9 9
62 21 25
21 43 62
61 19 77
72 20 27
92 60 96
36 70 70
14 55 52
47 10 64
35 27 78
91 69 43
8 3 34
38 46 74
41 28 9
42 83 44
58 61 40
58 3 9
58 16 67
28 88 36
63 82 57
65 68 41
74 12 12
55 72 87
2 69 51
12 92 25
76 80 8
33 20 47
9 86 42
53 54 75
36 56 70
38 91 49
7 64 42
77 87 46
39 4 86
47 55 8
91 40 48
6 36 33
54 20 76
41 1 97
62 56 4
75 31 4
89 69 96
21 70 99
54 78 51
90 80 27
53 30 32
51 33 67
71 87 50
77 27 39
67 54 86
37 9 63
83 81 4
23 45 85
72 58 14
40 72 15
13 17 34
62 58 10
89 65 51
77 7 45
52 70 47
86 63 39
12 55 35
34 31 47
42 7 11
51 49 28
63 26 45
34 11 81
43 38 35
17 66 17
9 57 43
18 17 65
53 7 92
81 63 63
64 58 22
48 79 34
47 12 53
85 82 1
80 43 93
75 32 35
63 73 95
41 76 48
39 8 71
19 24 97
21 49 61
35 1 2
10 12 49
40 1 13
4 23 0
13 23 89
68 56 32
79 78 49
13 34 12
70 49 91
78 83 56
18 54 44
60 3 36
54 87 64
68 30 98
47 54 60
77 66 7
81 43 26
9 44 0
13 64 47
67 60 76
74 58 66
22 29 69
16 88 11
36 15 84
84 55 97
77 12 18
76 88 60
78 2 84
51 25 16
37 40 76
30 88 43
36 61 2
63 63 23
6 14 72
13 65 44
26 67 49
71 43 12
91 63 43
40 74 49
2 77 13
83 72 67
79 85 18
39 22 40
76 78 54
87 7 28
51 90 21
30 64 21
7 39 80
58 77 17
27 2 86
34 34 81
56 52 34
23 55 63
53 45 91
34 28 83
5 41 91
89 23 69
40 71 94
18 63 92
23 36 9
62 50 62
26 29 37
7 62 52
73 56 47
18 55 71
88 88 16
79 43 79
6 3 0
59 73 48
48 23 21
29 84 23
28 24 3
69 70 3
40 67 61
16 5 19
85 59 64
52 10 35
76 90 35
45 71 24
44 12 47
45 32 33
30 42 31
29 79 18
90 67 56
54 79 99
64 57 14
70 66 72
89 12 40
43 16 98
44 52 61
38 58 7
45 9 1
75 56 49
86 42 99
79 41 53
53 44 84
87 20 17
30 27 24
85 85 15
1 68 36
26 52 91
85 21 25
54 42 40
84 38 25
15 89 24
7 10 78
7 58 74
69 75 41
4 42 56
31 7 7
42 13 99
28 84 31
32 29 44
81 50 92
7 70 73
87 91 96
25 66 5
30 35 20
22 32 56
74 74 51
88 40 68
88 73 57
91 27 7
1 81 18
53 29 71
17 75 7
39 39 10
38 36 11
72 33 72
8 29 84
36 88 16
57 83 66
57 32 32
90 8 99
41 81 83
29 27 57
14 73 80
28 56 36
78 48 11
71 34 87
14 12 69
23 72 22
72 89 22
2 34 90
69 30 33
66 31 44
10 32 31
90 21 33
22 54 73
2 52 99
88 75 38
22 37 20
49 78 15
73 55 46
1 53 51
86 74 75
88 41 0
91 24 69
38 30 4
20 12 20
62 15 9
3 47 61
27 9 23
11 11 28
9 14 59
13 86 60
45 20 54
90 4 68
5 17 23
26 74 45
91 62 57
32 77 28
72 38 13
44 87 6
24 41 69
26 73 29
49 36 89
7 86 8
25 36 87
12 32 93
42 52 7
48 68 21
18 67 92
54 69 79
22 82 56
79 60 19
33 62 18
14 88 60
62 65 89
42 49 50
81 22 96
22 59 19
79 49 8
14 60 70
11 1 31
7 17 34
79 65 76
82 79 19
9 51 81
16 69 19
55 28 16
74 9 83
3 59 39
55 9 8
38 83 90
69 47 14
49 64 87
66 14 77
47 73 29
91 16 92
89 48 83
27 67 38
10 83 30
82 10 68
22 84 89
28 30 63
50 7 94
36 2 33
79 59 92
62 35 78
85 43 44
69 5 32
41 63 63
16 81 42
30 2 74
75 81 76
70 58 10
88 78 60
23 76 92
74 46 71
44 32 27
37 37 89
6 25 46
82 51 62
61 91 77
3 62 7
70 48 0
87 65 89
45 68 99
33 60 6
74 42 29
23 27 72
83 2 11
18 32 35
60 74 66
91 43 16
44 41 63
46 31 55
42 60 9
17 1 36
72 65 78
92 40 42
38 32 68
77 43 4
55 74 67
49 20 72
32 50 26
35 53 83
90 79 3
78 77 77
30 85 95
33 41 74
30 61 18
56 55 36
3 12 63
20 92 91
65 91 41
71 7 51
19 33 72
82 26 83
1 88 5
64 72 37
55 50 2
80 88 33
3 18 43
89 6 13
69 85 15
87 41 84
10 39 4
29 44 26
23 5 79
56 77 1
3 3 0
60 59 19
11 36 49
46 13 50
7 33 82
34 15 56
68 25 14
23 82 45
64 92 77
62 47 88
10 24 6
49 23 17
35 31 33
85 11 36
13 11 65
22 71 16
67 36 13
63 83 52
44 74 8
43 86 76
65 22 37
20 57 22
13 13 53
18 66 17
78 16 75
29 23 79
72 42 78
32 3 50
65 53 75
66 92 70
44 73 40
21 66 97
39 80 40
79 15 23
61 78 26
39 67 15
62 42 52
61 75 47
8 86 15
89 73 83
57 74 85
42 51 35
21 21 82
31 28 89
24 81 0
89 79 7
57 76 5
58 52 56
50 45 57
81 90 82
10 86 90
47 28 88
52 72 58
84 23 54
11 61 92
55 6 39
90 5 43
72 35 45
9 75 52
86 49 14
83 64 99
80 67 69
47 32 55
75 16 15
29 87 78
44 1 19
7 28 69
88 33 55
7 43 93
30 26 64
58 10 44
58 27 68
6 2 33
66 62 27
52 27 59
66 59 14
4 33 1
57 19 58
36 59 37
88 51 94
4 37 12
85 7 14
32 56 54
64 84 92
76 10 5
15 78 59
44 55 45
72 46 71
23 92 93
16 23 24
53 40 94
24 87 24
53 2 98
27 44 33
18 23 48
25 81 76
24 83 88
15 87 65
91 30 64
50 84 96
30 30 95
71 28 3
56 15 85
46 15 70
31 5 20
58 5 99
57 80 20
91 6 5
13 74 68
9 47 43
1 77 40
21 74 2
81 46 20
66 225
1 2 82
2 3 989
3 4 245
4 5 467
5 6 476
6 7 974
7 8 148
8 9 32
9 10 486
10 11 297
11 12 82
12 13 176
13 14 231
14 15 400
15 16 707
16 17 832
17 18 875
18 19 966
19 20 288
20 21 293
21 22 862
22 23 537
23 24 597
24 25 92
25 26 839
26 27 984
27 28 940
28 29 847
29 30 961
30 31 481
31 32 280
32 33 515
33 34 110
34 35 695
35 36 220
36 37 336
37 38 893
38 39 586
39 40 844
40 41 304
41 42 646
42 43 103
43 44 116
44 45 708
45 46 451
46 47 2
47 48 384
48 49 531
49 50 641
50 51 817
51 52 140
52 53 829
53 54 159
54 55 867
55 56 597
56 57 391
57 58 575
58 59 80
59 60 288
60 61 815
61 62 819
62 63 963
63 64 497
64 65 994
65 66 801
12 15 72
66 13 25
63 66 8
20 32 89
1 60 84
31 33 43
52 49 46
64 49 63
36 59 51
43 40 0
14 5 80
38 52 17
27 15 32
47 6 83
20 19 13
30 54 54
5 2 52
32 41 41
29 66 24
51 31 31
64 56 62
23 61 84
17 14 94
56 31 14
7 26 81
27 58 72
7 53 40
20 23 46
22 50 51
31 60 81
29 8 94
12 48 89
56 61 51
53 36 20
28 30 57
48 16 53
66 40 24
36 38 29
43 54 9
9 18 61
9 15 25
51 4 97
55 46 54
4 5 95
48 2 13
53 63 64
26 51 5
41 56 45
51 40 95
17 47 30
22 2 54
14 15 70
19 44 86
12 24 94
64 16 89
4 23 24
58 25 97
33 26 58
30 59 76
52 2 35
48 61 61
39 26 83
1 11 20
64 4 95
11 55 56
30 34 97
59 8 64
62 46 35
6 48 81
24 65 82
42 25 67
36 40 27
2 43 76
25 66 83
6 33 89
28 24 63
38 38 41
10 22 42
29 64 19
44 17 2
29 17 86
40 34 33
44 65 57
19 10 21
22 61 17
25 64 31
37 16 5
62 26 7
15 64 12
33 47 62
27 26 47
65 61 61
23 7 45
53 33 75
48 23 22
33 64 86
31 61 98
52 40 64
43 62 8
36 54 68
52 8 7
25 49 26
16 5 32
63 51 0
6 13 36
26 64 41
52 18 43
23 19 20
33 13 26
27 33 1
60 18 80
40 63 90
15 2 74
30 50 29
50 19 86
30 61 79
58 50 37
15 26 13
23 45 93
38 24 14
56 4 76
23 26 26
54 14 22
38 46 3
37 27 93
33 44 11
1 65 4
20 21 10
25 8 68
59 35 93
19 56 1
41 66 88
12 11 83
20 38 11
59 22 63
31 23 11
13 8 88
40 12 4
1 41 31
25 28 16
11 8 70
65 54 26
51 19 30
2 45 90
35 32 50
19 37 59
22 12 68
18 24 32
4 8 47
52 23 42
51 14 30
37 49 25
2 36 48
11 25 75
64 60 21
48 53 98
6 1 56
3 48 94
6 54 45
27 65 79
27 350
1 2 839
2 3 650
3 4 998
4 5 180
5 6 407
6 7 843
7 8 804
8 9 250
9 10 114
10 11 33
11 12 723
12 13 997
13 14 145
14 15 563
15 16 646
16 17 846
17 18 149
18 19 7
19 20 759
20 21 650
21 22 163
22 23 946
23 24 249
24 25 616
25 26 675
26 27 946
16 7 58
16 14 63
15 25 32
23 18 91
14 15 85
6 19 62
10 1 35
23 7 92
19 23 17
6 24 45
20 22 79
1 6 57
12 17 93
15 24 58
7 14 2
10 26 21
2 17 98
7 13 15
8 1 85
23 11 64
2 10 13
17 9 15
25 4 89
17 20 89
11 10 96
7 12 57
11 18 44
24 27 41
27 16 87
21 17 68
6 9 98
18 22 21
8 6 97
22 8 56
18 14 53
23 26 14
18 9 92
9 21 98
15 3 7
10 18 46
11 4 26
24 26 72
9 12 37
4 9 1
4 6 33
11 6 7
1 3 4
2 5 87
16 15 57
7 6 13
22 5 93
20 1 68
16 6 99
16 8 23
5 17 43
1 9 72
16 25 55
13 23 30
21 18 4
17 4 89
15 1 93
9 20 40
19 16 25
5 9 55
2 2 64
6 10 87
27 8 44
17 13 72
10 22 43
6 25 34
11 24 82
18 19 90
11 22 40
3 27 49
15 12 88
15 10 24
13 20 80
7 11 91
3 11 12
6 26 50
9 23 18
26 17 72
2 15 12
3 19 96
12 13 96
8 8 0
24 4 81
20 12 78
12 10 6
12 8 63
9 25 91
8 15 21
24 5 10
6 21 57
23 25 72
1 21 18
1 4 68
17 6 52
18 4 27
26 3 2
15 21 34
16 1 12
22 6 45
20 16 17
7 17 24
5 19 6
6 6 72
22 1 89
4 5 75
19 27 47
3 21 45
22 27 38
17 17 14
15 18 68
5 7 67
3 18 89
5 25 5
10 17 23
14 2 84
25 2 82
12 21 90
25 20 0
10 3 9
10 14 45
16 4 66
13 3 81
17 22 71
16 10 27
2 1 85
20 18 75
13 2 90
27 13 85
5 15 64
25 13 68
7 1 84
7 25 53
8 3 64
25 25 51
24 8 34
22 19 75
7 2 21
19 4 53
10 7 62
8 18 32
26 22 47
13 9 64
14 4 26
17 23 28
21 19 82
23 23 2
24 22 55
17 24 84
5 12 45
3 4 63
17 1 93
27 4 60
11 11 6
13 22 13
26 5 79
19 15 56
10 13 7
15 6 15
15 7 72
9 26 48
25 21 80
24 16 84
26 25 61
25 3 89
10 27 93
18 17 95
1 11 72
27 9 28
6 20 63
24 25 64
16 21 62
23 24 14
13 15 57
26 21 45
19 25 92
12 19 59
12 27 72
1 12 7
27 5 67
2 8 28
12 6 25
4 15 5
14 8 79
26 1 14
18 26 28
16 18 22
20 20 67
20 7 31
23 5 63
20 2 98
24 18 92
4 23 7
3 20 44
7 22 27
9 19 40
12 26 95
25 17 45
20 10 50
21 22 18
1 14 43
14 17 77
22 2 77
3 2 4
2 19 28
12 23 44
13 6 73
22 16 49
19 20 57
8 19 58
20 24 63
18 5 70
6 27 47
11 2 24
5 14 51
3 7 82
23 8 74
25 8 28
9 22 73
25 12 85
13 18 21
11 25 84
3 24 72
1 1 92
5 13 42
9 9 26
23 16 78
15 22 17
2 27 11
27 25 20
3 3 92
27 15 17
1 19 67
19 10 33
20 11 60
23 10 75
21 20 33
11 19 92
24 24 48
5 3 93
8 9 16
18 18 74
23 15 14
13 11 37
23 1 22
11 21 1
22 14 17
4 13 76
12 11 99
26 15 24
7 26 24
24 21 83
2 9 92
5 1 92
21 2 35
12 12 85
13 13 81
1 27 84
10 25 80
17 19 32
18 12 5
26 11 27
2 26 52
21 4 7
22 4 88
3 14 30
7 21 58
24 14 75
10 10 58
6 5 48
11 16 63
5 10 81
7 9 46
23 6 69
25 22 46
3 6 66
11 17 26
13 16 92
8 26 46
26 20 9
1 13 87
12 14 76
11 9 19
21 10 40
8 21 9
23 14 53
11 15 10
16 12 85
4 2 71
8 20 48
27 26 67
5 5 70
14 19 83
7 7 84
17 8 84
23 21 81
15 9 93
2 12 62
15 17 94
16 3 44
27 23 71
11 14 32
9 24 79
14 14 71
18 1 31
16 26 65
21 14 27
14 9 29
7 19 34
24 19 64
10 4 10
22 22 87
17 27 33
23 3 71
12 4 41
14 26 39
16 16 58
24 1 12
16 2 97
16 5 16
14 13 56
30 415
1 2 439
2 3 934
3 4 855
4 5 76
5 6 933
6 7 932
7 8 224
8 9 719
9 10 73
10 11 614
11 12 119
12 13 263
13 14 674
14 15 704
15 16 526
16 17 363
17 18 750
18 19 716
19 20 578
20 21 969
21 22 404
22 23 121
23 24 931
24 25 611
25 26 200
26 27 61
27 28 326
28 29 150
29 30 168
11 6 69
16 12 87
2 9 96
9 21 10
22 26 21
10 9 45
19 16 98
10 29 91
4 13 20
13 12 19
21 29 93
9 14 30
18 3 80
23 2 9
8 19 5
13 22 16
24 15 97
6 6 44
13 8 89
24 21 22
11 15 50
24 28 74
30 13 13
15 15 48
11 21 38
3 4 73
13 19 39
14 12 3
16 21 86
14 29 92
5 15 76
15 28 20
4 9 3
20 7 6
15 7 42
3 14 59
12 27 92
20 10 52
23 17 7
17 2 89
29 4 38
30 26 78
13 5 4
4 20 36
29 8 99
28 13 9
19 1 1
8 2 6
2 14 16
8 10 42
10 17 82
12 17 22
16 3 97
4 4 88
15 30 62
28 21 32
7 5 89
14 5 82
18 21 76
23 1 38
2 1 94
7 24 81
21 12 16
20 18 0
6 15 87
8 6 72
7 2 0
13 1 35
5 4 84
27 20 85
22 11 2
2 16 27
5 29 32
13 6 71
29 6 53
17 14 2
17 15 37
17 24 56
17 9 45
19 28 66
4 30 23
27 7 45
26 16 32
11 1 32
7 1 34
22 29 80
22 3 2
17 21 66
22 12 45
13 2 39
5 10 53
16 5 45
3 17 75
11 23 78
22 14 24
18 4 12
15 21 90
19 30 53
29 2 75
29 27 15
28 6 21
30 2 78
11 28 86
15 13 54
6 14 18
4 2 21
22 2 87
30 11 4
23 12 10
21 26 79
24 30 63
22 30 25
24 9 19
30 20 30
27 21 53
24 26 91
17 25 65
22 17 54
20 2 10
30 28 59
3 13 82
26 15 89
17 19 48
17 7 5
10 23 98
24 25 15
6 17 3
11 2 53
9 27 86
27 3 94
30 27 25
29 23 60
9 8 49
18 30 66
24 8 76
11 27 95
16 29 49
17 26 73
12 5 15
11 9 41
12 8 9
25 25 74
19 10 42
30 17 67
10 1 50
4 16 5
9 7 93
25 26 98
9 18 21
16 22 3
3 23 29
18 22 58
25 22 66
28 5 58
20 9 44
2 18 43
14 15 92
14 27 53
4 22 94
12 30 88
16 25 15
3 28 66
20 29 47
14 19 75
4 27 22
21 2 55
11 12 47
18 16 59
27 2 65
12 7 47
11 8 32
30 8 30
25 12 90
20 12 5
9 12 44
7 10 11
28 20 95
6 27 43
1 27 89
6 24 70
28 27 87
23 19 47
25 27 55
17 16 66
23 15 50
9 19 13
19 12 70
16 6 45
30 30 49
21 22 95
9 15 48
25 3 18
13 18 27
27 19 97
10 15 47
29 24 36
23 25 34
24 19 61
6 30 95
20 23 19
10 14 68
19 20 83
19 4 7
14 1 3
17 17 34
18 25 97
22 28 48
16 13 64
20 22 17
3 24 80
14 30 73
18 23 11
24 24 50
2 12 58
19 7 39
13 20 49
1 30 36
6 21 14
8 5 72
18 7 13
3 20 34
13 29 86
30 16 88
6 4 18
29 7 34
29 11 87
5 2 52
3 3 16
11 25 32
16 28 39
28 9 51
26 7 55
7 23 31
12 28 71
19 21 17
5 23 2
23 8 59
7 30 19
10 24 37
24 1 10
14 24 85
4 23 29
18 11 29
9 26 25
1 25 10
9 6 41
17 4 74
2 24 52
10 16 20
29 28 37
17 20 16
8 4 81
5 9 6
24 5 15
7 11 10
21 13 5
29 1 22
29 9 63
1 28 23
26 27 76
11 26 31
24 16 89
1 16 25
16 7 57
26 3 45
21 8 98
25 20 82
8 22 31
2 19 27
8 8 58
21 7 33
12 29 88
15 22 97
3 29 82
28 14 24
11 14 43
14 14 54
19 15 54
25 15 71
11 3 59
22 22 4
15 27 78
7 13 79
5 25 69
14 23 17
10 2 22
1 18 88
17 29 43
22 6 70
11 16 74
26 4 79
1 21 68
25 29 50
16 27 98
26 13 49
19 11 63
6 25 57
7 4 74
10 30 67
4 12 88
18 19 60
6 3 43
3 1 50
2 26 78
18 27 54
25 30 32
28 23 22
3 7 12
16 8 64
18 5 86
8 7 49
11 4 38
28 17 23
13 23 38
1 8 2
13 27 96
10 10 1
20 15 87
20 1 19
1 9 28
26 8 54
3 15 40
28 7 86
7 25 2
18 26 28
29 29 82
18 18 83
27 10 33
24 22 48
26 1 11
14 13 86
30 3 11
12 6 21
27 27 79
28 10 16
21 30 65
15 1 29
19 26 78
19 25 53
28 2 4
4 28 10
25 21 51
25 9 82
1 17 64
24 18 16
2 15 6
30 23 15
13 17 74
27 17 83
6 2 11
1 12 30
18 29 96
10 11 8
11 5 76
30 29 45
23 21 30
17 8 12
22 27 61
4 10 48
4 25 30
9 30 47
23 22 67
13 24 42
9 23 55
28 18 84
20 11 5
18 14 75
24 20 41
25 13 61
8 15 56
4 21 90
10 13 57
5 19 44
23 6 30
20 20 54
11 17 81
16 14 30
25 2 39
8 14 67
28 25 82
18 8 54
15 16 42
26 5 76
22 1 11
23 16 95
26 28 38
72 1871
1 2 810
2 3 516
3 4 105
4 5 951
5 6 661
6 7 300
7 8 939
8 9 294
9 10 432
10 11 879
11 12 709
12 13 973
13 14 99
14 15 305
15 16 860
16 17 886
17 18 795
18 19 520
19 20 238
20 21 824
21 22 868
22 23 946
23 24 391
24 25 887
25 26 551
26 27 992
27 28 942
28 29 237
29 30 799
30 31 66
31 32 847
32 33 341
33 34 894
34 35 21
35 36 889
36 37 738
37 38 29
38 39 291
39 40 842
40 41 27
41 42 548
42 43 530
43 44 418
44 45 593
45 46 974
46 47 439
47 48 190
48 49 156
49 50 929
50 51 68
51 52 86
52 53 683
53 54 532
54 55 48
55 56 337
56 57 507
57 58 794
58 59 958
59 60 151
60 61 243
61 62 247
62 63 369
63 64 152
64 65 477
65 66 520
66 67 990
67 68 715
68 69 550
69 70 7
70 71 154
71 72 89
3 24 54
52 35 5
25 57 87
9 5 96
69 44 30
47 24 36
19 34 52
16 46 66
62 56 22
8 46 64
43 7 87
11 44 95
7 26 87
53 56 42
56 57 2
57 10 30
26 35 67
4 70 52
34 2 14
5 55 53
70 29 58
68 17 73
3 9 22
43 57 9
29 45 29
67 7 52
13 58 2
25 50 1
19 43 14
66 25 19
6 54 43
63 51 55
56 72 38
70 59 75
25 55 25
66 7 58
66 55 52
65 35 53
14 72 35
53 27 46
52 8 7
56 28 91
67 58 14
58 36 82
58 1 66
30 68 19
36 66 80
48 32 65
9 70 33
2 44 47
25 17 27
46 25 87
26 43 11
12 48 50
30 12 5
15 55 81
7 55 7
22 55 51
40 30 62
70 13 19
1 35 36
33 20 56
70 43 77
5 45 24
16 52 77
29 69 49
69 23 50
48 55 31
67 62 8
62 11 57
40 6 52
15 48 64
25 34 89
59 27 40
39 45 89
61 47 89
40 65 57
65 60 66
22 49 43
27 13 67
54 33 32
56 17 7
1 7 70
64 29 33
54 32 44
68 24 20
62 59 86
37 49 3
5 15 79
54 42 29
72 36 62
42 69 32
8 13 53
52 72 25
19 65 94
50 56 15
5 49 41
53 47 83
3 37 17
12 32 10
36 54 80
2 10 51
16 55 65
1 62 13
10 9 57
39 43 86
39 18 99
34 71 4
14 36 85
62 51 3
65 58 35
28 59 42
36 13 1
49 62 64
19 17 62
12 64 14
65 34 96
7 3 15
41 3 77
69 26 50
19 31 90
10 17 8
71 36 63
55 55 64
52 52 60
61 35 14
66 48 96
1 33 77
5 19 86
15 65 45
58 20 12
42 20 10
60 60 45
2 26 47
44 41 52
9 47 96
69 22 85
38 19 43
68 43 75
43 52 89
6 56 3
55 69 81
45 27 50
10 4 94
3 56 26
7 18 77
52 60 67
16 41 66
45 52 78
49 42 80
8 59 86
55 59 39
43 9 99
35 49 2
56 25 37
16 39 15
14 3 32
25 71 1
18 55 39
47 46 91
59 46 90
28 70 97
60 19 89
19 18 91
68 41 36
12 47 2
57 67 22
26 57 84
64 47 27
15 70 13
54 41 31
37 69 66
6 32 16
35 47 1
28 38 1
16 42 19
69 56 8
57 71 64
40 41 18
21 9 7
46 31 22
51 31 17
9 58 16
25 28 89
45 49 73
24 62 31
48 10 76
39 50 33
52 38 8
21 70 98
54 14 43
52 12 78
67 21 49
62 65 64
10 44 47
68 32 6
69 69 14
6 53 71
65 13 33
40 35 76
15 52 84
19 27 43
33 62 20
66 14 76
71 6 0
15 18 5
65 11 86
31 40 39
7 39 4
47 67 5
28 35 69
11 59 77
62 20 94
7 2 34
14 10 83
42 4 30
56 5 21
33 53 22
61 2 58
29 65 96
44 37 32
28 14 14
40 3 71
4 52 43
53 53 13
53 61 49
38 39 0
34 28 47
33 37 2
4 60 10
18 63 47
9 24 5
3 53 99
6 9 86
45 69 33
49 18 67
6 27 96
44 35 66
53 66 35
59 2 76
36 48 7
41 22 8
28 57 99
8 15 84
51 16 49
58 16 50
63 64 10
55 46 6
13 21 15
67 41 48
30 33 78
39 4 49
6 37 74
46 43 34
67 45 16
31 61 40
43 30 51
46 40 69
42 64 4
51 10 16
32 44 94
18 68 52
60 71 80
66 70 48
45 21 12
16 59 79
67 29 50
42 41 32
63 42 19
42 6 25
20 10 49
48 7 92
14 56 1
5 51 83
69 49 45
5 71 15
17 5 60
12 43 0
60 26 9
52 59 77
46 50 92
54 7 23
21 63 66
31 20 25
26 33 52
21 3 53
68 56 64
4 27 19
3 64 35
39 27 35
47 3 35
57 66 12
10 39 65
39 69 29
8 9 93
63 8 22
5 64 19
12 65 83
24 15 57
37 4 71
23 6 32
16 12 50
49 26 53
25 11 86
24 71 42
44 15 92
30 6 53
71 33 24
36 8 49
28 49 20
40 1 11
14 71 5
72 43 13
14 19 62
14 32 10
62 69 74
13 43 8
6 26 1
21 71 87
10 49 9
22 12 71
64 2 30
8 54 74
30 57 40
11 50 14
42 28 31
57 17 94
54 72 82
11 27 70
50 18 34
5 16 50
11 43 55
53 19 27
65 57 31
3 66 59
3 22 20
6 64 29
25 3 80
52 50 86
47 1 17
11 46 87
17 21 30
15 3 53
2 33 86
6 72 69
38 31 1
35 14 4
39 3 64
14 6 73
17 26 95
34 61 92
33 55 2
20 48 38
47 20 35
14 8 16
31 22 45
46 26 85
48 61 46
4 43 49
66 72 82
3 16 55
3 43 83
41 23 26
38 51 32
23 9 61
2 19 5
13 46 75
24 58 52
28 23 43
57 3 14
55 44 90
3 29 55
47 62 44
31 69 11
27 65 33
34 35 86
24 20 83
37 12 68
48 18 77
7 62 2
27 69 89
67 11 85
12 15 42
56 63 33
35 35 41
24 6 28
58 22 84
70 1 93
24 10 32
40 51 15
27 60 45
34 57 19
53 60 4
9 36 49
48 62 26
45 24 27
28 12 4
4 61 35
48 64 47
57 38 31
58 62 9
47 72 79
7 46 97
13 54 82
70 12 37
45 64 36
21 62 32
51 49 42
67 53 27
13 62 26
19 4 50
16 2 38
44 68 78
17 37 64
31 24 85
59 41 4
5 21 17
40 50 41
53 55 83
7 33 87
71 61 43
23 38 70
57 44 35
41 29 64
22 48 84
11 70 73
72 10 22
26 18 79
7 19 50
12 61 47
66 16 29
6 20 50
14 58 35
42 2 92
35 20 68
51 55 92
45 61 93
35 62 48
6 58 98
63 36 7
49 56 33
31 12 42
3 48 14
42 7 87
38 29 46
29 50 17
30 60 53
20 17 1
68 61 1
27 54 41
23 24 83
28 68 65
22 40 94
32 24 29
18 27 26
60 24 39
27 43 83
4 15 60
38 8 92
22 71 56
55 34 26
56 70 70
45 57 74
27 63 60
51 1 15
45 19 44
64 38 98
21 51 81
60 36 15
13 57 10
52 58 71
27 66 46
32 38 58
68 62 43
46 48 64
34 60 83
36 10 62
69 17 32
58 11 29
23 27 70
42 17 79
36 65 6
21 37 93
34 42 69
22 37 18
63 35 16
13 2 1
11 7 8
34 33 4
4 55 80
72 46 16
56 18 89
64 51 26
36 51 77
24 5 46
58 47 18
47 13 62
66 12 3
46 18 30
17 28 68
48 59 7
72 51 32
16 68 39
33 19 16
43 8 34
8 60 5
13 51 91
48 68 83
31 54 12
13 63 30
22 60 4
20 32 53
22 72 38
24 18 51
12 6 32
32 22 55
56 37 77
26 27 32
28 22 17
66 11 72
4 25 39
58 15 0
62 54 7
23 11 79
7 37 18
40 56 28
67 15 9
11 39 91
32 11 4
31 7 76
61 29 51
34 14 70
6 59 81
64 58 97
5 30 21
19 12 35
57 58 4
43 16 78
36 6 84
64 37 13
24 33 89
40 13 80
47 69 45
13 5 87
46 2 77
41 60 12
57 16 68
60 67 43
67 19 41
46 54 83
14 60 87
63 68 98
65 9 14
32 3 6
23 1 58
23 40 46
25 7 37
54 49 90
5 29 14
61 5 85
24 40 1
60 46 68
5 20 5
32 49 66
1 61 68
35 51 46
52 40 88
19 44 4
29 63 47
68 1 30
30 67 44
49 60 14
15 43 88
6 25 80
61 14 48
10 58 42
21 39 55
37 15 64
18 71 77
7 22 44
40 44 60
21 64 69
46 17 46
12 25 22
37 8 47
1 24 28
40 57 32
41 62 33
44 18 17
27 36 99
72 15 78
6 50 83
41 26 95
4 57 11
21 6 69
68 64 43
39 9 96
37 62 8
28 10 41
42 13 56
68 29 69
48 39 80
28 54 32
5 58 87
14 64 55
47 26 53
60 44 18
38 65 86
60 70 4
13 7 80
27 68 61
69 15 68
33 4 12
22 66 90
12 27 56
30 22 81
4 68 78
21 14 37
20 18 13
67 8 9
34 52 83
28 21 33
15 42 28
13 31 25
24 53 61
27 35 74
69 20 6
55 36 93
50 19 5
3 23 13
60 12 97
27 70 28
56 58 26
31 57 56
64 19 23
3 20 11
48 52 4
62 19 0
19 23 44
13 59 5
65 67 84
18 22 2
22 46 61
54 65 92
49 63 49
38 10 79
3 54 77
72 4 16
9 46 55
31 47 67
50 65 25
11 49 63
42 55 68
40 16 65
45 54 6
71 67 12
2 54 53
53 71 8
23 49 13
5 10 85
61 44 57
50 50 69
15 23 55
20 30 37
5 43 51
7 70 6
31 45 77
18 52 32
38 46 89
32 59 76
63 58 55
19 71 51
57 64 16
47 17 31
32 52 60
22 34 53
69 13 65
11 38 53
47 55 87
22 51 4
46 10 17
13 22 31
10 43 51
28 9 24
40 49 9
19 13 71
70 67 68
30 51 87
60 51 85
27 72 17
59 10 98
33 14 38
28 43 66
39 68 70
12 33 38
67 51 10
23 50 74
51 37 59
30 48 21
28 47 62
6 45 99
16 17 37
56 60 37
9 50 20
48 26 1
48 5 28
37 63 19
62 3 71
29 72 92
14 68 32
51 46 31
18 59 34
42 59 59
31 31 74
27 58 70
58 43 86
49 61 24
59 56 67
38 35 80
14 41 36
70 8 3
28 29 29
68 40 94
49 43 3
29 62 72
22 9 75
20 36 95
9 11 30
66 58 20
42 12 99
10 63 14
20 44 29
71 28 70
41 41 6
7 57 72
27 31 24
46 19 40
62 52 12
6 34 13
12 13 50
6 39 12
7 65 62
1 5 84
29 25 94
62 10 1
23 18 56
42 8 88
71 72 97
32 16 5
50 13 80
35 58 19
13 26 59
12 38 53
18 25 33
56 9 19
6 10 51
70 54 11
67 2 84
12 53 21
45 14 35
15 15 13
34 49 57
56 16 42
7 69 0
41 12 73
14 53 90
6 6 37
65 43 58
33 70 51
58 40 44
26 45 84
61 20 64
35 32 95
54 34 93
12 56 82
19 69 72
19 42 8
40 67 73
8 12 57
66 4 67
29 39 14
27 37 57
28 19 39
8 68 68
60 17 0
29 54 24
39 54 6
66 24 13
62 57 85
50 2 42
67 28 35
19 48 52
8 24 40
45 43 22
68 37 64
51 8 43
1 52 27
30 29 64
47 8 39
40 38 63
45 62 75
24 59 9
45 2 38
41 9 45
35 6 13
64 22 56
41 7 77
57 52 73
28 58 65
27 67 57
65 48 92
17 54 23
4 2 7
56 46 6
20 8 4
26 30 19
67 5 21
27 47 84
48 29 64
42 51 87
33 35 73
66 30 86
8 11 66
47 38 43
3 46 77
36 37 71
51 26 92
25 30 3
60 39 0
25 64 56
50 41 15
38 3 66
45 60 74
32 45 36
69 46 71
67 13 13
6 46 38
49 27 16
57 46 90
18 18 57
69 9 98
53 52 4
27 17 30
6 69 78
43 37 90
50 10 4
58 8 7
37 19 49
39 58 92
53 34 70
14 13 49
13 16 10
66 10 2
23 59 56
31 60 24
36 32 73
20 52 86
50 66 54
47 71 98
63 22 49
26 56 21
5 53 76
62 4 58
1 38 13
42 35 45
67 23 14
42 42 0
42 45 82
23 53 59
52 5 47
63 5 40
49 25 79
53 8 75
71 16 29
32 57 71
26 12 8
33 58 83
16 50 28
50 61 84
21 40 17
49 36 14
54 18 3
30 63 60
13 13 64
51 43 97
49 44 81
63 34 29
52 7 40
25 54 26
20 59 45
8 19 17
11 14 54
21 25 85
27 33 3
62 9 51
17 13 86
59 7 42
19 41 71
51 18 9
71 29 59
39 5 11
5 6 10
44 46 37
26 1 80
61 9 51
53 65 50
69 30 14
55 9 13
10 70 16
29 60 36
31 11 66
9 71 7
63 44 49
22 17 22
45 37 19
71 41 2
30 34 83
65 59 3
31 62 37
67 17 60
14 25 43
39 67 48
20 14 64
19 51 48
7 56 45
43 71 32
18 36 65
27 20 13
41 6 58
21 27 94
66 29 74
63 15 87
8 8 44
63 20 3
40 53 18
72 60 9
4 67 57
52 17 52
38 67 12
34 72 74
51 68 45
25 23 27
15 47 75
24 21 79
26 59 11
72 18 15
41 32 87
15 54 33
46 1 88
27 48 12
31 42 71
7 5 0
15 27 45
42 38 24
39 26 22
53 68 3
52 31 67
1 11 30
52 41 58
33 72 53
17 55 99
17 71 84
41 10 35
70 5 95
11 12 41
20 65 37
44 59 17
55 11 23
7 12 4
37 35 85
41 33 15
23 35 14
49 50 69
57 60 23
51 41 65
52 22 49
35 57 29
33 21 43
72 37 1
50 64 64
45 47 58
18 42 72
59 31 34
17 33 70
36 45 98
36 26 49
43 67 1
31 4 9
66 65 15
42 71 15
56 22 43
44 26 7
8 28 50
5 32 69
19 55 51
3 69 17
38 69 88
21 65 66
21 18 44
4 23 61
49 24 69
2 69 70
52 2 70
54 10 10
1 69 69
20 29 47
30 58 90
29 32 85
33 23 63
67 64 50
33 32 51
46 63 33
57 69 37
21 60 26
48 35 47
71 35 53
50 43 18
31 41 34
67 50 79
35 21 14
44 58 79
52 33 88
42 27 9
62 39 35
2 72 57
15 34 65
7 38 73
16 72 21
55 6 43
33 56 30
18 37 69
13 39 32
35 24 74
40 60 68
65 31 1
7 8 86
54 47 33
32 4 98
54 61 93
42 1 32
57 61 81
22 25 3
46 58 14
64 10 44
66 68 49
8 32 84
53 29 99
68 70 22
17 34 53
30 32 62
2 35 96
25 32 88
6 4 5
24 24 80
49 13 51
37 9 8
50 3 2
22 16 51
55 23 42
37 46 20
8 29 15
48 28 16
11 42 63
65 71 50
69 12 40
1 1 77
39 41 9
24 44 22
42 52 28
56 43 40
5 47 4
46 27 4
44 21 17
61 3 60
16 19 96
45 11 81
13 9 46
37 38 70
1 41 83
20 38 60
54 30 4
38 58 88
62 43 30
71 32 4
44 28 30
28 66 51
32 7 7
41 61 20
17 36 25
10 40 31
8 44 78
14 7 30
37 30 82
45 58 55
48 71 57
36 53 23
38 6 54
71 64 71
6 13 67
11 22 41
26 24 99
21 15 0
70 39 73
56 61 18
49 59 86
3 13 93
70 3 10
6 67 65
68 20 90
8 62 72
58 32 51
36 22 63
18 28 47
20 39 46
45 40 86
19 57 87
23 20 19
16 7 34
18 67 90
15 19 1
63 50 55
43 31 9
33 63 84
70 62 46
59 57 26
14 49 87
29 26 25
70 22 74
71 4 85
36 19 20
41 28 62
26 40 41
31 50 95
8 49 9
22 4 19
26 32 68
17 24 79
7 63 65
42 40 65
7 64 78
26 15 54
23 8 63
2 37 58
41 38 72
33 36 62
15 14 46
3 55 36
59 45 50
68 25 6
9 26 43
29 33 31
57 55 76
21 68 9
63 70 76
23 52 98
25 43 33
3 10 19
3 8 27
13 28 80
11 35 67
64 41 62
66 42 56
70 71 38
68 68 39
66 69 48
71 62 72
4 5 52
39 66 18
5 62 18
30 64 17
14 2 64
69 4 80
45 16 72
48 31 61
36 7 53
7 51 37
25 47 77
17 61 98
19 72 75
65 55 26
38 60 99
68 72 60
21 1 27
69 63 64
23 56 30
43 33 40
63 61 33
64 61 69
55 71 37
51 57 92
45 8 22
65 2 72
49 15 97
38 27 54
1 22 93
37 55 49
58 25 97
7 40 32
18 6 55
66 34 78
23 42 54
43 20 35
33 50 30
22 53 41
9 18 34
9 12 16
3 11 84
2 43 69
48 14 96
8 30 56
30 21 4
42 33 5
66 43 64
38 9 20
30 49 43
13 68 85
27 62 27
53 46 82
13 60 50
23 29 4
64 53 52
36 43 83
66 18 91
50 71 83
71 26 16
7 72 51
21 59 9
31 39 45
11 69 64
27 32 17
19 26 79
9 9 16
21 38 88
63 48 6
3 35 17
1 65 72
18 61 92
26 3 1
62 53 37
24 41 90
57 47 62
1 49 66
4 28 11
15 46 40
27 57 80
48 4 48
48 58 22
23 54 84
19 56 1
68 46 64
27 8 55
50 27 3
65 39 98
55 43 70
70 37 24
19 9 98
24 36 55
64 52 29
56 13 79
34 38 43
49 55 58
14 27 51
48 69 53
72 30 9
62 14 71
27 25 70
69 52 83
33 51 99
8 69 87
53 57 94
9 54 25
5 65 52
36 28 90
64 4 89
42 68 15
2 12 28
5 26 22
50 58 5
46 5 67
47 49 61
2 41 81
30 62 19
29 36 95
17 1 83
22 61 22
5 5 11
10 31 99
16 63 84
54 16 31
34 8 16
1 10 4
67 61 11
45 4 86
9 31 15
38 24 46
33 65 59
52 46 6
35 56 30
29 31 54
63 60 51
51 61 34
35 54 23
39 59 91
39 1 91
6 33 5
24 43 38
15 61 51
47 22 92
6 62 26
30 59 69
55 67 95
10 33 5
69 24 23
55 1 58
66 33 48
55 45 16
25 25 7
65 4 49
39 14 27
5 50 74
49 58 29
71 31 11
14 46 97
14 31 9
10 35 81
9 48 56
34 56 27
59 60 96
22 24 64
64 15 63
8 4 0
55 56 11
34 46 24
49 49 57
63 45 26
15 68 37
32 2 79
18 14 38
12 58 12
52 29 77
67 24 38
15 30 45
32 39 0
6 2 34
27 55 28
40 5 71
35 43 96
44 65 98
13 32 50
57 49 51
24 4 18
52 66 5
72 31 81
23 66 42
23 36 62
3 27 70
46 70 92
38 72 42
42 36 68
36 3 35
61 27 92
2 23 0
26 11 0
60 28 11
45 13 96
10 61 57
5 72 51
40 69 89
16 9 11
3 34 17
64 8 6
39 63 84
51 47 12
23 48 88
34 41 69
69 51 38
4 58 78
50 54 77
34 40 17
71 7 72
52 49 38
36 38 78
15 71 84
34 13 96
4 44 17
38 15 66
18 11 90
48 57 3
17 23 35
26 26 34
26 22 13
28 3 55
52 25 26
12 40 49
5 22 42
16 28 34
51 3 73
66 32 99
59 35 83
61 32 0
31 6 55
25 59 24
69 61 41
40 66 20
72 3 2
25 16 8
67 54 85
17 30 67
60 18 2
30 55 70
2 47 93
39 22 40
58 37 7
50 45 10
20 34 55
72 61 94
16 69 3
1 67 2
45 33 40
28 20 43
21 46 73
44 27 39
28 45 66
17 2 96
44 71 86
9 53 5
56 41 48
45 7 84
30 42 22
51 14 93
2 1 78
70 51 6
36 36 36
71 51 39
16 29 40
22 15 7
63 57 41
8 48 4
59 15 25
18 58 62
57 41 59
17 65 69
45 12 63
16 10 96
9 64 5
7 6 5
31 25 73
30 56 95
22 65 4
41 27 5
1 53 91
68 60 41
65 37 90
48 33 9
63 4 61
26 14 19
66 20 79
44 53 14
62 40 2
40 40 91
26 68 70
68 35 13
47 41 70
56 45 36
25 72 87
2 9 59
13 20 6
61 19 0
23 61 87
54 53 29
62 15 95
31 64 50
23 51 44
57 42 70
17 48 26
53 69 68
22 38 58
59 19 41
29 4 96
19 54 63
22 35 21
2 30 64
30 9 10
19 47 75
64 28 16
61 16 15
33 3 55
54 48 35
61 25 83
62 63 88
69 5 79
15 6 94
23 10 30
59 61 37
5 38 56
29 17 30
37 42 78
48 49 82
55 38 62
54 69 24
29 51 7
6 47 13
22 8 28
20 51 88
70 61 83
67 34 35
19 21 38
42 24 22
37 13 19
14 42 45
69 28 80
72 35 56
71 63 47
11 60 87
42 48 81
51 27 52
16 47 74
62 50 33
12 72 85
53 49 63
43 47 81
65 52 73
2 58 5
57 12 77
35 25 63
13 61 58
39 51 63
40 4 1
22 62 49
31 21 61
36 35 85
56 71 26
41 70 64
53 42 55
52 67 3
68 69 66
35 55 30
46 66 28
32 60 70
33 9 19
47 50 31
55 13 15
24 27 74
20 2 57
26 52 82
60 62 16
44 34 80
50 42 71
60 20 1
8 72 54
31 34 15
61 21 4
9 15 62
56 44 92
19 30 17
12 49 98
45 9 76
13 38 40
1 44 24
3 65 42
9 4 40
1 63 59
31 37 94
29 12 0
52 54 81
60 54 57
38 63 27
47 32 14
31 56 19
41 30 34
53 50 43
9 68 67
56 52 22
26 70 41
39 24 50
69 59 92
51 51 44
68 11 91
53 37 83
14 47 49
37 47 95
50 20 98
55 63 66
57 54 96
59 12 97
3 3 48
30 7 47
45 48 76
3 30 33
68 19 80
40 14 44
70 2 64
18 33 5
71 69 96
66 38 15
65 42 29
46 39 26
59 9 12
22 6 81
26 34 52
52 71 68
65 51 98
53 21 17
59 37 62
44 38 55
45 71 73
10 37 72
51 54 35
37 16 11
36 16 20
37 67 11
60 3 11
26 37 69
17 72 49
65 28 96
12 51 8
66 19 1
69 64 72
54 71 52
63 9 3
5 41 62
3 19 39
54 44 24
1 6 66
10 67 91
44 17 93
32 10 4
24 54 14
44 23 22
12 50 39
16 20 56
25 19 71
31 26 81
68 3 27
45 34 7
60 23 89
19 70 81
38 16 44
34 29 16
1 64 55
50 21 18
35 29 28
10 45 50
27 64 13
57 8 42
44 33 61
70 44 89
21 12 40
21 29 79
7 35 84
27 52 60
65 6 93
12 5 92
58 41 4
9 49 84
29 40 51
49 71 11
7 44 6
25 53 63
1 15 9
3 44 95
67 3 37
25 67 23
62 44 51
33 69 43
71 58 14
36 2 66
24 7 14
22 59 38
16 8 59
4 1 65
25 10 25
72 40 48
30 46 11
31 15 73
18 17 14
37 34 32
37 54 41
35 41 19
48 40 39
44 12 98
48 44 37
44 6 14
18 13 72
41 25 40
63 41 45
4 54 35
12 18 26
51 34 8
70 31 6
49 70 67
45 15 58
65 56 25
16 34 32
57 29 89
4 16 90
72 65 71
39 33 79
64 20 78
4 18 39
18 69 15
46 4 5
30 50 42
14 9 81
58 34 62
38 54 81
54 22 22
25 33 95
47 29 59
14 50 87
15 20 46
55 31 24
65 23 42
28 51 95
24 50 72
15 17 52
11 19 97
56 21 77
25 8 89
44 45 52
2 18 16
58 7 44
34 43 35
41 72 82
17 35 46
31 30 58
39 17 60
52 55 59
8 6 9
43 42 2
30 27 80
34 48 12
34 68 35
51 11 16
24 61 98
4 41 24
10 55 72
11 56 90
68 58 81
67 35 39
62 12 93
32 42 64
48 2 21
24 65 94
19 19 95
53 7 4
62 17 61
28 63 70
49 67 98
37 60 67
71 13 34
72 23 61
57 22 57
5 66 81
16 27 74
54 11 31
64 46 83
14 67 47
15 28 86
14 24 76
10 47 60
15 39 66
28 61 10
3 4 48
17 43 75
27 22 83
27 7 65
63 53 27
71 37 53
26 58 27
62 36 71
43 18 66
23 37 2
7 61 62
41 11 65
48 56 47
8 61 76
19 22 24
17 41 41
30 39 70
21 32 2
13 72 21
70 70 89
44 72 89
40 43 78
29 14 9
63 54 15
67 67 57
6 11 94
26 4 40
53 51 89
47 11 66
34 36 10
30 45 25
49 33 50
70 30 71
62 25 80
24 51 58
40 9 17
21 20 59
22 22
1 2 265
2 3 936
3 4 110
4 5 421
5 6 966
6 7 140
7 8 83
8 9 784
9 10 925
10 11 110
11 12 248
12 13 809
13 14 578
14 15 187
15 16 661
16 17 806
17 18 940
18 19 846
19 20 456
20 21 742
21 22 769
8 2 54
31 191
1 2 620
2 3 860
3 4 193
4 5 512
5 6 335
6 7 91
7 8 377
8 9 318
9 10 885
10 11 967
11 12 644
12 13 109
13 14 266
14 15 331
15 16 514
16 17 122
17 18 792
18 19 465
19 20 761
20 21 66
21 22 761
22 23 578
23 24 688
24 25 573
25 26 590
26 27 573
27 28 513
28 29 505
29 30 591
30 31 736
5 18 92
25 12 31
22 5 12
16 22 45
15 3 69
14 3 34
19 16 87
10 25 16
25 13 35
8 9 93
8 23 0
28 16 37
8 22 12
20 7 19
3 30 28
24 29 76
17 19 1
18 23 64
24 24 2
3 29 86
19 20 57
2 19 9
7 13 82
3 21 8
15 25 35
14 9 3
15 17 18
7 12 73
13 3 4
12 6 97
31 6 28
18 25 8
31 14 91
15 11 55
20 25 7
16 7 24
2 14 81
14 22 68
30 16 10
27 19 27
6 17 78
19 13 79
19 11 15
31 18 95
2 25 16
6 9 47
4 12 90
9 18 77
6 18 57
20 29 3
15 22 22
31 8 63
13 30 83
11 22 70
30 17 70
29 7 4
5 10 81
13 23 44
8 20 15
4 10 51
30 30 58
15 15 12
20 6 69
27 8 30
2 26 99
22 10 71
30 9 31
25 21 75
18 22 27
4 30 75
27 3 20
14 14 77
27 24 99
5 31 73
3 7 93
19 15 67
1 19 84
12 24 1
9 10 29
21 15 58
28 19 66
23 24 61
25 17 25
26 12 68
19 10 22
18 7 62
11 4 80
18 11 1
21 24 27
31 17 95
17 18 41
9 3 11
14 6 27
7 10 64
17 21 49
23 16 97
10 10 94
15 30 88
16 21 95
6 5 57
26 15 34
25 14 42
4 22 9
9 28 20
14 1 69
4 31 77
13 12 14
6 16 36
11 28 64
6 1 47
18 27 67
5 23 21
24 20 83
16 29 59
10 3 46
3 12 91
23 10 1
24 17 14
31 29 55
31 28 79
24 5 30
31 25 30
15 9 52
11 2 34
18 10 96
21 1 35
7 17 59
4 26 86
22 29 29
26 27 4
27 30 80
17 26 10
31 27 58
8 11 19
22 27 47
9 12 84
30 29 73
3 25 25
8 16 80
2 23 52
4 5 10
1 25 53
19 26 34
21 26 18
1 24 78
5 27 37
14 24 75
9 16 61
24 11 43
26 18 56
18 14 68
20 27 37
30 23 43
16 20 5
25 8 41
20 21 5
30 8 57
3 8 81
1 31 57
1 13 16
24 26 90
21 37
1 2 517
2 3 669
3 4 785
4 5 517
5 6 556
6 7 524
7 8 768
8 9 632
9 10 905
10 11 135
11 12 829
12 13 858
13 14 712
14 15 966
15 16 468
16 17 719
17 18 498
18 19 13
19 20 25
20 21 756
21 4 88
21 18 4
6 1 1
12 17 76
15 12 87
10 12 39
12 12 40
19 18 16
1 15 52
8 11 5
9 3 45
20 1 52
20 14 26
11 5 65
18 1 16
5 18 98
18 12 5
