Case #1:
0
0
0
0
0
0
0
0
0
0
0
0
0
0
0
0
0
0
0
0
0
0
0
0
0
0
0
0
0
0
0
0
0
0
0
0
0
0
0
0
0
0
0
0
0
0
0
0
0
0
0
0
0
0
0
0
0
0
0
0
0
0
0
0
0
0
0
0
0
0
0
0
0
0
0
0
0
0
0
0
0
0
0
0
0
0
0
0
0
0
0
0
0
0
0
0
0
0
0
0
0
0
0
0
0
0
0
0
0
0
0
0
0
0
0
0
0
0
0
0
0
0
0
0
0
0
0
0
0
0
0
0
0
0
0
0
0
0
0
0
0
0
0
0
0
0
0
0
0
0
0
0
0
0
0
0
0
0
0
0
0
0
0
0
0
0
0
0
0
0
0
0
0
0
0
0
0
0
0
0
0
0
0
0
0
0
0
0
0
0
0
0
0
0
0
0
0
0
0
0
0
0
0
0
0
0
0
0
0
0
0
0
0
0
0
0
0
0
0
0
0
0
0
0
0
0
0
0
0
0
0
0
0
0
0
0
0
0
0
0
0
0
0
0
0
0
0
0
0
0
0
0
0
0
0
0
0
0
0
0
0
0
0
0
0
0
0
0
0
0
0
0
0
0
0
0
0
0
0
0
0
0
0
0
0
0
0
0
0
0
0
0
0
0
0
0
0
0
0
0
0
0
0
0
0
0
0
0
0
0
0
0
0
0
0
0
0
0
0
0
0
0
0
0
0
0
0
0
0
0
0
0
0
0
0
0
0
0
0
0
0
0
0
0
0
0
0
0
0
0
0
0
0
0
0
0
0
0
0
0
0
0
0
0
0
0
0
0
0
0
0
0
0
0
0
0
0
0
0
0
0
0
0
0
0
0
0
0
0
0
0
0
0
0
0
0
0
0
0
0
0
0
0
0
0
0
0
0
0
0
0
0
0
0
0
0
0
0
0
0
0
0
0
0
0
0
0
0
0
0
0
0
0
0
0
0
0
0
0
0
0
0
0
0
0
0
0
0
0
0
0
0
0
0
0
0
0
0
0
0
0
0
0
0
0
0
0
0
0
0
0
0
0
0
0
0
0
0
0
0
0
0
0
0
0
0
0
0
0
0
0
0
0
0
0
0
0
0
0
0

Case #2:
247899
247210
248126
247470
247344
247605
248111
247299
247592
247174
247606
247731
247212
247752
247725
247971
247644
247717
247659
247533
247651
247478
247342
248010
247398
247964
247530
248045
247750
248045
247324
247584
247647
247509
247472
247187
247712
247722
247799
248141
247923
247570
247547
247299
247504
247637
247174
247801
247750
247789
247957
247884
248077
247725
247848
248028
247418
247830
247314
247507
247482
247210
247659
247287
247582
247779
247224
247706
247615
247628
247630
247792
247744
247275
247222
247431
247484
247272
247402
247649
247652
247650
247721
247705
247675
247874
247843
247244
247800
247978
247574
247898
247290
248048
247892
248005
247648
247265
247803
247153
248034
248068
247353
247502
248002
247383
247789
247963
247157
247616
247960
247790
248012
247474
247186
248133
247173
247706
247375
247448
248119
247989
248132
247828
247632
247766
248132
247669
247988
247804
247149
247156
247262
247703
247626
247356
247956
247195
247228
247245
247556
247854
247863
247575
247311
248020
247206
247342
247804
247443
247917
247736
247491
247176
247163
247663
247408
248051
247586
247314
247508
247671
247637
247494
248074
248124
247637
247380
247654
247400
247936
247554
248060
247863
247205
247722
247839
247876
247476
247439
247573
247167
247435
247574
247267
247191
248054
247381
247453
247787
247261
247671
247450
247349
247785
247813
247306
247190
247657
248057
247343
247409
247339
247826
247905
247183
247581
247848
247873
247477
248052
247969
247218
247820
247856
247241
247318
247848
247392
247678
247969
247534
247500
247624
247494
247930
247927
247880
247794
247210
248032
247838
247512
247553
247810
247984
247350
248081
247414
248010
248054
248113
247464
247864
247926
247324
247538
247433
247972
247674
247802
247480
248055
247989
247790
247918
247792
248080
248093
247420
247663
247809
247831
247329
248036
247797
247770
248004
248090
247857
247322
247186
247719
247854
247813
247680
247408
247424
248060
248039
247401
248104
247291
247509
248114
247823
247973
247880
247162
248001
248015
247260
247500
247354
247638
247467
247171
247679
247608
247189
247238
247970
248107
247341
247512
248125
247463
248101
247987
247353
247911
247740
247401
247708
247601
247839
247284
247479
247983
247603
247171
247421
247522
248043
247595
247864
247572
247794
247760
247620
247241
247804
247765
247382
247410
247331
248020
247460
248019
247602
247232
247978
247293
247696
247481
247386
247710
247327
247788
247849
247945
247779
247545
247851
247779
248002
247979
247251
248031
247270
247493
247726
248093
247438
247417
247320
247809
247560
247668
248113
247204
247519
247985
248003
247268
247671
247370
247315
247945
248106
247586
247148
247782
0
247581
247505
247757
247266
247716
247425
247647
247466
247552
247224
247791
247498
248130
247817
247257
247656
247310
247987
247391
247346
247757
247400
247537
248002
248003
247947
247756
248128
247661
247505
247153
247584
247577
247704
247158
247615
247564
247773
248045
247592
247231
247829
247962
247960
247951
247613
248012
247697
247434
247572
247535
247624
247167
247349
247212
247292
248098
247841
248036
247155
247989
247656
247283
247972
248074
248019
247739
247658
247427
247439
248018
247700
247518
247600
247782
247957
247174
247183
247559
247187
247553
247749
247204
247693
247941
248133
247938
247804
247195
247244
247621
247417
247718
247977
247722
247476
248056
247382
248064
247879
247886
247990
247927
247644
247194
248049
247540
247504
247323
247991
247433
247596
247789
247971
247603
247562

Case #3:
251679
251568
250977
250775
251600
251166
251340
251104
251579
251480
250950
250960
251247
251511
250975
251466
251003
250955
251255
250834
251508
251351
250957
251654
251129
251035
250989
251486
250921
250935
251626
251042
251197
251435
250815
251129
251189
250817
251191
251122
251222
251433
251262
250855
250992
251207
251196
251497
251311
250896
251690
251201
250811
251611
250927
251577
251097
251575
251066
251313
251117
251647
251057
251683
251360
250812
251206
251331
251354
251656
251131
251719
251424
250762
251333
251753
251391
251436
251726
250886
251032
251723
251194
250850
250962
251484
251574
250881
251385
250861
251051
251478
251015
251471
251085
250908
250868
251042
250909
251652
251706
250816
251333
251299
251410
250905
251173
250811
251248
251692
251459
251259
250806
251110
251207
250837
251210
251121
250869
251747
250971
251632
251561
251207
250794
251552
251754
251231
251719
251416
251592
250913
250801
250883
251725
251636
251470
251510
251683
251586
251394
250900
251205
250847
251003
251442
250860
251448
251526
251314
251367
251761
251635
251474
251136
250901
250959
251657
251280
250815
250956
251501
250837
251625
251349
251077
250927
251536
250762
251755
250908
251360
251718
251064
251167
251197
251130
251668
251706
251456
251271
251551
251708
251432
251172
0
251548
251172
251131
251453
251344
251071
251289
251675
251732
251347
250867
251028
251206
251123
251025
251654
250928
250903
251305
251362
251259
250765
250810
251679
251062
251024
250900
251475
251294
251266
251081
251377
251248
251182
251038
251551
250827
250984
251320
251543
251037
250994
251471
251043
251392
251133
251120
251321
250789
251233
251501
251110
250763
251510
251634
251496
250778
251610
251326
251236
250907
251561
251501
251073
251138
251068
250791
250815
251520
251654
251554
251467
251705
251519
250830
251514
251314
251624
251133
251727
250904
251601
251665
251001
251124
251237
250771
251212
251276
251714
251135
251079
251092
251211
251464
251549
251498
251172
250985
251581
251135
251172
251221
251032
251582
251303
251099
251031
251010
250883
251219
251144
251205
251524
251445
250928
250867
251653
251550
251417
251709
251724
251120
251023
251505
250962
251188
251002
251373
250998
251206
251523
250958
250982
250966
250966
251253
251317
250926
251127
251504
251692
251655
251503
251433
250986
250977
250827
251437
250766
251103
251025
250977
251704
251078
251526
251619
251050
250885
251475
251212
250998
251600
250881
251641
251080
250898
251467
251061
251665
251117
251260
251464
251275
250876
251558
251318
251643
250777
250798
251502
251690
251461
251638
251532
251394
250915
250784
251328
251333
251644
251345
251399
251049
250879
250928
251426
250902
251754
251130
251665
251353
251442
251692
250919
251530
250859
251749
251326
251102
251484
251395
250803
251403
251160
251441
250910
251708
251397
250872
251459
251671
251314
251328
250795
251251
251451
251225
250936
251144
251079
251276
250981
251638
251043
251575
251333
251650
250835
251625
251338
251116
251256
251198
251265
251511
251278
251446
251567
251369
250812
251160
250814
251553
251408
251512
250857
251447
250926
251515
251620
251133
250879
251050
251017
251395
250993
251748
251351
251545
250815
251000
251647
251632
251566
250995
250782
250787
251118
251666
251490
251448
251497
251313
251060
251534
251651
251617
250865
250980
251672
250922
251028
250805
251113
250965
250971
251179
251203
251198
251703
251103
251551
251380
251063
250954
251606
251087
251719
251443
251597
251694
250972
251753

Case #4:
244394
246870
238191
247037
243821
246367
246596
240664
246023
245510
244586
244852
243198
238776
245440
244825
245200
244943
246586
245952
245007
239389
244550
243525
245982
244516
243611
246150
245705
244012
241733
243893
245753
246681
246451
239817
239538
245731
245935
244033
246904
247259
245548
246530
247129
245944
243885
245635
246303
243993
246421
245657
245583
247463
245503
246366
243991
237503
245348
241580
247500
242997
245937
245516
243821
246195
247275
246094
240948
246383
245319
243288
245998
246678
245325
246678
246122
245945
245990
247299
246025
240665
247002
244513
245292
246823
246055
245640
245798
241984
245229
246317
246674
246070
245238
243711
246820
247024
247230
245253
245354
245319
242965
243971
247101
244584
246366
246872
245705
245955
245895
245935
243487
244929
238087
246255
246440
246519
245375
247451
242932
246263
235914
241060
244458
245997
244452
246385
242955
247435
243238
246150
243821
244432
245729
246628
245826
247329
245113
246798
245127
244586
246282
247303
245054
239777
246504
247468
247144
243771
244770
243098
243790
243166
244540
245590
247174
243052
246346
244018
246534
247037
244389
247375
246653
245905
247046
245851
246090
244434
247299
246869
245563
245573
246533
246092
241953
246592
245707
244394
244852
247111
246491
247485
246069
242843
247074
246190
247235
247236
243400
241540
245165
242278
241213
244898
245661
244824
242185
245720
245003
244516
240037
245423
237707
243812
239846
246240
243812
244979
246739
240021
247467
246827
239389
243359
246624
241790
242987
244373
242995
246655
246624
246636
246004
246198
247236
242814
246779
246746
245283
245226
246956
245166
244796
245123
246774
243193
243036
245787
237623
245886
242402
245468
246538
246127
241155
241583
245634
244111
244807
243489
246695
244054
246907
243485
246509
246069
245599
244599
244725
245363
245641
245483
245124
240442
242029
245825
244098
245753
241957
245622
245347
245363
243954
246967
247103
241301
240696
246115
246745
245855
245057
247229
245007
243152
247028
243525
245497
244467
244039
244704
246700
244369
246205
245183
242851
245085
242863
246556
245801
241306
246231
247373
246755
245113
247043
244943
246863
246400
246628
245127
244102
244077
246128
244530
241974
245674
246779
246949
246710
246583
244755
244011
246403
246263
247173
244528
245711
244906
243405
245064
245640
245708
243519
244730
246101
244531
246739
244197
239841
246802
241431
244955
245612
246065
247270
245635
246644
242341
245634
245335
245890
246367
237793
241337
246584
245886
243627
245219
245363
246789
246430
244865
245634
246450
245050
247129
245877
242831
245416
242006
243357
240105
242830
246835
246146
245945
242123
244306
246346
245546
246321
245798
243529
244370
247045
246533
246266
245753
246407
246094
236739
246918
244916
238068
245800
245997
245127
243978
239613
247236
247387
237910
239949
243163
244889
247268
244007
243539
237623
245937
247254
245705
247509
240511
245576
245881
245606
243922
247209
246617
243409
247178
243627
246925
244548
246559
245349
239674
246138
247122
246636
246356
244892
246717
246773
244979
247119
246602
244567
243677
243953
246218
246205
244269
244972
244001
247321
246583
245243
247013
246556
242589
243608
244121
246770
243604
245227
244434
246612
242335
246519
244998
246987
245877
240977
245727
245419
245944
242971
245090
245089
244972
242573
246303
247085
244173
247395
245767
246136
246430
245416
247376
241742
245881
244094
243570
246033
242114
244007
245348
243807
241760
247262
246365
246240
246542
244316
244251

Case #5:
0

