100

43 28
43 28 15 26

60 14
60 14 97 11
97 11 67 -10

98 96
98 96 81 36
98 96 6 77
98 96 -4 79
81 36 -4 79

35 19
35 19 72 95
35 19 10 52
35 19 75 61
98 43 72 95
98 43 75 61

56 13
56 13 28 10
56 13 28 -1
56 13 0 67
46 1 28 10
46 1 28 -1
46 1 0 50
28 10 0 50
28 -1 0 50
0 50 0 67

70 27
70 27 44 0
70 27 79 40
70 27 74 85
70 27 37 10
70 27 54 90
70 27 8 63
44 0 79 40
44 0 37 10
44 0 8 63
79 40 54 90
74 85 37 10
74 85 8 63
37 10 8 63
54 90 8 63

69 51
69 51 94 74
69 51 59 -2
69 51 79 40
69 51 73 85
69 51 87 17
53 83 67 65
53 83 94 74
53 83 79 40
53 83 87 17
67 65 59 -2
67 65 79 40
67 65 87 17
59 -2 79 40
59 -2 73 85
59 -2 87 17

53 1
53 1 49 80
53 1 51 14
53 1 70 1
28 -6 49 80
28 -6 81 -10
28 -6 63 54
28 -6 70 1
28 -6 3 46
49 80 63 6
49 80 63 54
49 80 70 1
49 80 3 46
81 -10 51 14
81 -10 63 54
81 -10 70 1
51 14 63 6
51 14 63 54
51 14 70 1
51 14 3 46
63 6 63 54
63 54 70 1

65 78
65 78 40 79
65 78 68 77
65 78 27 78
99 11 43 12
-8 81 81 38
-8 81 40 79
9 90 81 38
9 90 17 81
9 90 68 77
9 90 27 78
9 90 43 12
81 38 40 79
81 38 27 78
17 81 43 12
40 79 68 77
68 77 43 12

26 17
26 17 74 37
26 17 4 54
26 17 -1 26
26 17 48 2
74 37 71 55
74 37 100 93
74 37 39 76
74 37 -1 26
32 53 4 54
32 53 -1 26
71 55 40 95
71 94 100 93
71 94 4 54
71 94 39 76
71 94 48 2
100 93 39 76
40 95 48 2
4 54 39 76
39 76 -1 26

35 21
35 21 78 72
35 21 -9 90
35 21 -10 48
35 21 96 47
35 21 38 -9
35 21 70 18
78 72 78 20
78 72 37 32
78 72 38 -9
78 72 3 26
78 72 65 -6
11 100 -9 90
11 100 78 20
11 100 96 47
11 100 38 -9
11 100 65 -6
11 100 70 18
-9 90 78 20
-10 48 96 47
-10 48 3 26
-10 48 65 -6
-10 48 70 18
78 20 96 47
78 20 37 32
78 20 3 26
96 47 3 26
96 47 65 -6
38 -9 65 -6

89 12
89 12 89 87
89 12 62 81
89 12 74 45
89 12 87 55
89 12 57 31
89 12 85 79
95 30 87 32
95 30 85 79
28 23 85 79
89 87 62 81
89 87 87 32
62 81 87 32
62 81 85 79
74 45 8 10
74 45 44 12
74 45 85 79
91 98 87 55
91 98 85 79
87 55 44 12
87 32 57 31
8 10 57 31
44 12 57 31

54 42
54 42 -8 48
54 42 3 73
54 42 86 -6
25 -1 70 0
25 -1 3 73
25 -1 74 45
87 26 -8 48
47 29 70 0
47 29 26 51
47 29 74 45
70 0 62 0
15 18 -8 48
15 18 94 75
15 18 26 93
26 51 62 0
62 0 74 45
94 75 74 45
86 -6 74 45

37 57
37 57 56 -8
37 57 71 75
54 4 21 22
56 -8 28 66
56 -8 100 61
56 -8 38 35
56 -8 -6 65
28 66 44 88
28 66 -8 -1
28 66 4 -3
39 4 38 35
-8 -1 100 61
19 0 4 -3
4 -3 -6 65
4 -3 18 46
38 35 21 22
38 35 18 46

25 5
25 5 70 7
25 5 63 77
71 53 70 7
71 53 13 -3
70 7 41 35
70 7 20 30
70 7 88 68
70 7 81 98
41 35 37 78
41 35 -6 27
95 54 56 10
95 54 63 77
95 54 20 30
98 19 56 10
56 10 37 78
56 10 64 99
20 30 68 70
13 -3 81 98

32 58
32 58 70 44
32 58 24 5
32 58 24 72
32 58 16 91
32 58 -10 52
32 58 98 52
25 60 -2 14
25 60 35 16
25 60 24 72
25 60 98 52
70 44 24 5
70 44 24 72
70 44 -9 72
83 35 27 16
83 35 47 2
83 35 7 8
83 35 16 91
83 35 -9 72
83 35 36 53
27 16 -2 14
27 16 24 72
27 16 16 91
27 16 88 32
27 16 36 53
47 2 -2 14
47 2 35 16
47 2 7 8
47 2 -10 52
47 2 88 32
-2 14 -10 52
-2 14 88 32
24 5 16 91
35 16 7 8
35 16 -10 52
35 16 36 53
24 72 36 53
24 72 98 52
7 8 88 32
7 8 -9 72
7 8 98 52
-10 52 88 32
-10 52 -9 72
88 32 36 53
36 53 98 52

37 -9
37 -9 32 80
37 -9 36 93
37 -9 100 85
37 -9 92 38
37 -9 -6 20
-10 62 23 29
-10 62 36 93
-10 62 -7 48
32 80 70 37
32 80 91 78
23 29 -7 48
36 93 55 79
36 93 13 21
36 93 44 94
36 93 81 54
70 37 44 94
100 85 89 -6
92 38 29 -1
29 -1 42 72
29 -1 81 54
91 78 42 72
13 21 44 94
13 21 -6 20
89 -6 44 94

8 76
8 76 95 62
8 76 29 59
8 76 82 81
8 76 46 82
8 76 4 21
32 24 10 95
43 -4 95 62
43 -4 34 79
97 11 -3 -5
97 11 10 95
57 16 14 -4
57 16 4 85
57 16 29 59
95 62 14 -4
95 62 4 85
95 62 16 75
95 62 10 95
14 -4 -3 -5
14 -4 34 79
4 85 -3 -5
4 85 34 79
29 59 16 75
29 59 34 79
29 59 14 77
15 34 46 82
15 34 34 79
16 75 82 81
77 52 10 95
77 52 4 21
82 81 14 77
82 81 4 21
-3 -5 46 82
-3 -5 10 95
-3 -5 4 21
34 79 10 95

-9 31
-9 31 32 -3
-9 31 37 40
-9 31 34 57
-9 31 25 29
-9 31 8 70
-2 16 78 40
-2 16 49 -3
-2 16 34 52
-2 16 70 54
78 40 34 57
78 40 48 78
37 40 66 -6
66 -6 0 31
49 -3 34 52
49 -3 0 31
34 57 34 52
27 45 0 31
65 8 0 31
65 8 8 70
36 79 -9 65
-7 9 70 54
-9 65 25 29
-9 65 48 78
0 31 70 54
47 78 8 70
25 29 48 78

79 0
79 0 29 28
79 0 50 60
79 0 49 3
79 0 56 94
79 0 64 90
79 0 22 6
11 86 99 43
11 86 50 60
11 86 49 3
11 86 67 13
-6 36 8 82
-6 36 22 6
99 43 56 94
99 43 63 -5
99 43 67 13
16 -3 -3 29
16 -3 67 13
29 28 61 44
29 28 74 37
29 28 56 94
29 28 78 66
29 28 22 6
70 -8 22 6
61 44 64 90
61 44 42 57
74 37 8 82
74 37 -3 29
74 37 56 94
74 37 4 -7
74 37 42 57
8 82 49 3
8 82 4 -7
8 82 63 -5
50 60 -3 29
-3 29 49 3
-3 29 4 -7
-3 29 63 -5
56 94 4 -7
56 94 67 13
4 -7 64 90
4 -7 42 57
64 90 67 13
63 -5 42 57
78 66 42 57

42 62
42 62 1 22
42 62 94 79
42 62 -5 44
42 62 67 34
1 22 23 31
1 22 7 29
1 22 -5 44
12 12 60 31
12 12 67 34
83 19 23 31
83 19 46 22
83 19 7 29
83 19 67 34
83 19 31 -8
56 5 23 31
56 5 31 -8
77 -8 53 88
77 -8 6 49
77 -8 67 34
60 31 41 93
60 31 67 34
60 31 4 59
98 99 4 59
53 88 94 79
41 93 46 22
41 93 4 59
10 -5 7 29
10 -5 -5 44
10 -5 31 -8
46 22 6 49
46 22 94 79
6 49 45 69
94 79 45 69
94 79 75 12
7 29 31 -8
-5 44 45 69
-5 44 75 12
31 -8 45 69

80 40
80 40 62 25
80 40 10 48
80 40 90 31
80 40 -8 68
80 40 69 -7
80 40 75 75
18 5 81 15
18 5 49 96
18 5 90 31
18 5 69 -7
18 5 78 84
-8 22 86 -7
-8 22 98 69
-8 22 9 3
-8 22 62 25
-8 22 35 64
-8 22 78 84
81 15 62 25
81 15 49 96
81 15 10 48
81 15 3 93
81 15 96 56
86 -7 96 56
98 69 76 65
98 69 13 -6
98 69 7 51
98 69 3 93
98 69 96 56
48 7 13 -6
48 7 35 64
48 7 -8 68
48 7 27 44
48 7 3 93
9 3 13 -6
9 3 90 31
9 3 -8 68
76 65 10 48
62 25 -8 68
62 25 7 51
13 -6 35 64
13 -6 27 44
13 -6 7 51
49 96 35 64
10 48 35 64
10 48 7 51
10 48 96 56
90 31 69 -7
90 31 7 51
90 31 3 93
35 64 78 84
-8 68 69 -7
-8 68 27 44
69 -7 27 44
69 -7 3 93
27 44 7 51
27 44 96 56
75 75 3 93

1 100
1 100 30 62
1 100 79 11
1 100 87 43
1 100 -9 69
1 100 29 37
1 100 73 13
80 74 54 47
80 74 79 11
80 74 87 43
80 74 59 23
80 74 66 86
80 74 100 -1
90 95 30 62
90 95 54 47
90 95 23 39
90 95 37 -7
67 2 99 80
67 2 23 39
67 2 100 -1
30 62 -9 69
30 62 29 37
30 62 73 13
54 47 87 43
54 47 -5 6
54 47 23 39
54 47 66 86
79 11 -5 6
79 11 3 81
79 11 37 -7
79 11 100 -1
99 80 3 81
99 80 -9 69
99 80 47 28
99 80 9 80
99 80 100 -1
94 32 -5 6
94 32 37 -7
87 43 -5 6
87 43 -9 69
87 43 37 -7
-5 6 47 28
-5 6 73 13
23 39 47 28
23 39 9 80
23 39 100 -1
3 81 31 51
3 81 59 23
3 81 37 -7
3 81 100 -1
5 39 31 51
5 39 66 86
5 39 73 13
31 51 -9 69
31 51 9 80
59 23 29 37
59 23 73 13
-9 69 47 28
37 -7 29 37
66 86 9 80
47 28 9 80
47 28 73 13

42 81
42 81 49 88
42 81 98 -7
42 81 39 8
42 81 57 11
49 88 5 61
49 88 44 31
49 88 19 54
4 11 5 61
4 11 44 31
4 11 57 11
4 11 77 -10
4 11 96 84
4 11 57 40
76 61 19 54
76 61 -9 19
35 81 50 4
35 81 84 71
32 56 98 -7
32 56 44 31
32 56 66 60
32 56 -9 98
32 56 17 58
98 -7 5 61
98 -7 77 -10
98 -7 100 74
98 -7 57 40
50 4 5 61
50 4 39 8
50 4 84 71
50 4 100 74
5 61 39 8
5 61 17 58
39 8 66 60
44 31 66 60
44 31 -9 19
84 71 77 -10
84 71 100 74
96 88 57 40
96 88 17 58
57 11 19 54
57 11 -9 19
57 11 96 84
100 74 95 47
100 74 17 58
66 60 96 84
43 63 96 84
43 63 57 40
19 54 96 84
-9 19 57 40
96 84 17 58
57 40 -9 98

1 31
1 31 26 33
1 31 71 73
1 31 48 12
1 31 28 4
1 31 97 63
1 31 37 73
-9 38 53 80
-9 38 25 89
-9 38 43 19
53 80 98 94
53 80 54 32
53 80 26 33
53 80 25 89
30 18 37 73
98 94 26 33
98 94 27 54
54 32 56 97
54 32 28 4
74 72 28 4
23 32 20 94
23 32 47 94
40 28 61 91
26 33 61 91
26 33 53 39
71 73 47 94
25 89 15 75
61 91 20 94
61 91 60 42
97 63 5 40

62 15
62 15 50 25
62 15 17 55
62 15 94 41
62 15 62 75
62 15 -5 45
62 15 11 45
55 64 10 -2
55 64 17 65
55 64 -5 45
55 64 11 45
-4 4 36 19
-4 4 -1 -6
-4 4 27 -4
-4 4 90 -10
-4 4 11 45
-4 4 22 95
36 19 97 -3
36 19 -4 96
36 19 17 65
36 19 64 26
36 19 82 100
97 -3 50 25
97 -3 16 49
97 -3 62 75
57 55 10 -2
57 55 50 25
57 55 -4 96
57 55 17 55
57 55 94 41
57 55 27 -4
10 -2 13 50
10 -2 17 55
10 -2 94 41
10 -2 28 64
65 24 -1 -6
65 24 -4 96
65 24 64 26
65 24 28 64
65 24 22 95
50 25 -4 96
50 25 25 41
50 25 22 95
-1 -6 16 49
-1 -6 64 26
-1 -6 62 75
-1 -6 90 -10
13 50 82 100
13 50 28 64
-4 96 -5 45
-4 96 11 45
17 55 62 75
17 55 28 64
17 55 22 95
16 49 33 27
16 49 27 -4
16 49 64 26
16 49 82 100
33 27 90 -10
33 27 22 95
94 41 64 26
94 41 28 64
94 41 -5 45
27 -4 25 41
27 -4 82 100
27 -4 62 75
17 65 25 41
17 65 28 64
17 65 -5 45
64 26 62 75
25 41 82 100
25 41 11 45
25 41 22 95
82 100 90 -10
-5 45 11 45

22 87
22 87 14 96
22 87 66 -8
22 87 79 48
7 96 72 -10
7 88 66 -8
62 62 43 54
62 62 -3 17
62 62 15 32
62 62 -4 74
39 18 64 85
39 18 79 48
65 93 100 -3
65 93 89 -5
65 93 69 -8
100 -3 30 -5
100 -3 -7 75
100 -3 64 85
100 -3 -3 17
100 -3 79 48
75 66 44 23
75 66 68 91
75 66 15 18
30 -5 -3 17
30 -5 -4 74
43 54 -1 10
43 54 -4 74
-7 75 14 96
-7 75 96 67
-7 75 -1 10
44 23 96 67
44 23 66 -8
68 91 96 67
68 91 64 85
68 91 15 18
14 96 72 -10
14 96 66 -8
72 -10 64 61
96 67 64 85
66 -8 79 48
15 18 79 48
89 -5 96 87
69 -8 79 48
-3 17 64 61
15 32 96 87
15 32 -1 10
-1 10 64 61

25 29
25 29 45 81
25 29 83 -5
25 29 79 100
25 29 7 88
69 63 79 100
69 63 100 16
63 29 21 86
63 29 2 -3
45 81 62 31
45 81 5 2
45 81 75 28
21 86 83 -5
21 86 65 44
21 86 75 28
83 -5 57 -7
70 2 100 16
70 2 24 14
64 31 79 100
65 44 2 -3
76 78 88 18
100 16 1 13
100 16 11 51
100 16 24 14
31 51 34 49
31 51 75 28
46 60 34 49
52 37 57 -7
52 37 83 58
57 -7 88 18
7 88 83 58
19 -5 88 18
2 -3 24 14
5 2 1 13
34 49 1 13
75 28 47 -10
1 13 88 18
88 18 24 14

13 11
13 11 60 -10
13 11 72 4
13 11 -3 32
13 11 92 47
44 42 4 62
13 14 -3 32
13 14 49 81
23 5 98 15
23 5 4 94
26 33 40 -9
26 33 49 81
26 33 10 56
98 15 72 4
-8 80 75 76
17 60 53 3
60 -10 53 3
67 90 84 65
4 94 84 65
4 94 10 56
39 53 0 57
39 53 92 47
72 4 16 -5
72 4 4 62
54 -1 -3 32
16 -5 42 -10
16 -5 0 50
58 64 92 47
58 64 86 5
43 22 42 -10
84 65 75 76
84 65 -3 32
49 81 86 5

14 98
14 98 -8 23
14 98 47 52
14 98 28 100
14 98 0 49
14 98 17 60
14 98 34 70
29 26 98 -10
29 26 57 70
29 26 91 53
29 26 23 23
29 26 79 73
67 -2 92 41
67 -2 8 -1
67 -2 91 73
67 -2 44 34
67 -2 23 23
67 -2 34 70
-8 23 63 97
-8 23 -6 28
-8 23 8 44
-8 23 44 34
-8 23 79 73
63 97 98 -10
63 97 59 52
63 97 47 -10
92 41 38 78
92 41 8 -1
92 41 8 44
92 41 17 60
92 41 34 70
98 -10 -6 28
98 -10 90 91
98 -10 8 44
98 -10 91 53
99 22 59 52
99 22 28 100
99 22 0 49
99 22 91 73
38 78 91 53
38 78 44 34
38 78 23 23
38 78 17 60
38 78 34 70
57 70 8 -1
57 70 8 44
57 70 47 52
57 70 28 100
57 70 79 73
-6 28 8 -1
-6 28 90 91
-6 28 15 45
-6 28 79 73
8 -1 61 68
8 -1 44 34
59 52 -2 30
59 52 91 53
59 52 28 100
59 52 11 14
90 91 61 68
90 91 91 73
90 91 23 23
90 91 17 60
15 45 -2 30
15 45 8 44
15 45 47 52
15 45 91 53
-2 30 28 100
-2 30 0 49
-2 30 44 34
-2 30 79 73
8 44 61 68
47 52 0 49
47 52 61 68
47 52 34 70
91 53 0 49
28 100 23 23
0 49 91 73
61 68 47 -10
44 34 47 -10
47 -10 11 14
11 14 23 23
11 14 79 73

-4 44
-4 44 24 27
-4 44 11 57
-4 44 49 37
-4 44 24 93
-4 44 61 66
-4 44 43 11
6 42 71 -9
6 42 58 32
6 42 43 11
6 42 43 65
36 69 96 31
36 69 58 42
36 69 11 57
36 69 84 42
36 69 61 66
36 69 43 65
3 23 24 27
3 23 21 43
3 23 2 76
3 23 43 65
3 23 50 2
71 -9 28 73
71 -9 43 60
71 -9 53 54
71 -9 -8 51
24 27 23 64
24 27 58 32
24 27 43 60
24 27 -8 51
35 0 58 42
35 0 11 57
35 0 90 1
35 0 21 43
96 31 75 74
96 31 23 64
96 31 49 37
96 31 2 76
96 31 50 2
58 42 11 57
58 42 11 43
58 42 50 2
75 74 -8 51
28 73 43 60
28 73 43 11
23 64 84 42
23 64 -5 14
23 64 24 93
23 64 43 11
11 57 -5 14
11 57 43 65
90 1 -5 14
90 1 58 32
84 42 -5 14
84 42 43 60
84 42 45 95
49 37 11 43
49 37 61 66
49 37 -8 51
-5 14 43 11
-5 14 50 2
11 43 43 60
11 43 45 95
58 32 21 43
43 60 50 2
53 54 43 65
53 54 45 95
43 11 43 65

54 54
54 54 80 0
54 54 24 66
54 54 37 83
54 54 56 13
54 54 91 25
54 54 84 41
51 12 10 39
51 12 84 59
51 12 1 77
51 12 65 77
10 39 31 0
10 39 91 25
80 0 -6 12
80 0 37 83
80 0 28 55
80 0 -5 64
80 0 -7 92
24 66 91 25
24 66 -7 45
24 66 84 41
24 66 93 27
100 56 96 98
48 -7 84 59
48 -7 91 25
48 -7 -6 46
48 -7 79 99
-6 12 28 55
37 83 82 23
37 83 -7 92
96 98 28 55
96 98 -7 92
31 0 1 77
31 0 83 78
56 13 84 59
56 13 1 77
52 96 84 59
52 96 79 99
52 96 65 77
-8 5 79 99
84 59 91 25
84 59 -5 64
1 77 82 23
47 47 84 41
38 66 91 25
-7 45 -5 64
-7 45 84 41
82 23 83 78
-7 92 93 27
84 41 93 27
79 99 93 27

9 66
9 66 91 64
9 66 24 61
9 66 76 11
9 66 33 47
97 84 76 11
97 84 33 33
97 84 29 39
95 36 7 3
95 36 45 17
95 36 3 80
95 36 36 48
95 36 63 30
95 36 73 89
13 -4 91 64
13 -4 60 55
13 -4 18 -4
13 -4 33 47
-10 -8 24 61
-10 -8 61 78
-10 -8 5 -4
91 64 36 48
91 64 29 39
7 3 24 61
7 3 36 48
7 3 74 -5
32 38 61 78
32 38 74 -5
32 38 33 88
24 61 45 17
24 61 50 7
61 78 92 96
3 80 33 47
36 48 76 11
76 11 50 7
76 11 92 96
76 11 5 -4
33 33 32 68
33 33 33 88
32 68 33 88
63 30 60 55
63 30 5 -4
50 7 60 55
50 7 98 78
60 55 72 63
60 55 18 -4
92 96 33 88
58 55 29 39
33 88 73 89

16 81
16 81 75 87
16 81 63 55
16 81 60 67
16 81 81 19
94 62 38 68
74 76 31 49
74 76 82 98
74 76 88 61
31 49 88 61
31 49 78 1
31 49 63 55
31 49 34 26
31 49 60 67
37 9 75 87
37 9 88 61
37 9 51 82
82 98 29 91
82 98 75 87
82 98 38 51
82 98 41 77
82 98 81 19
29 91 75 87
29 91 71 79
29 91 27 22
75 87 78 1
75 87 71 79
38 51 93 -5
38 51 80 64
38 51 76 89
38 51 32 -8
41 77 27 22
41 77 32 -8
41 77 38 68
88 61 76 89
88 61 71 51
93 -5 78 1
93 -5 38 -7
93 -5 38 68
93 -5 -2 18
78 1 60 96
78 1 71 51
78 1 38 -7
80 64 71 79
80 64 27 22
76 89 63 55
71 79 81 19
27 22 64 67
27 22 38 68
62 43 60 96
32 -8 64 67
60 96 -2 18
71 51 60 67
38 -7 -2 18
64 67 81 19

80 6
80 6 46 78
80 6 89 47
80 6 72 56
80 6 84 83
86 -5 46 78
86 -5 95 -2
96 0 89 85
96 0 31 20
-2 70 84 83
-2 -3 -4 90
-2 -3 20 78
-2 -3 73 69
61 27 5 4
61 27 14 69
61 27 -4 40
-3 58 26 58
-3 58 22 13
33 96 31 20
5 4 17 40
5 4 84 83
46 78 -4 40
46 78 22 13
46 78 10 70
49 37 22 13
17 40 22 13
95 -2 89 85
95 -2 22 13
89 85 24 31
89 85 40 33
89 47 72 56
89 47 10 70
14 69 72 56
72 56 40 33
49 16 84 83
73 69 22 13
31 20 23 33
24 31 23 33

86 24
86 24 47 11
86 24 85 87
86 24 23 34
86 24 -2 -8
86 24 9 32
86 24 69 60
-1 -2 32 54
-1 -2 85 87
-1 -2 -1 45
-1 -2 96 66
-1 -2 14 48
47 11 37 49
47 11 2 34
47 11 47 66
47 11 -2 -8
32 54 47 47
32 54 12 62
32 54 2 34
32 54 47 66
32 54 27 -3
47 47 52 61
47 47 11 61
47 47 96 66
47 47 23 34
47 47 27 -3
52 61 -3 23
52 61 87 67
52 61 14 63
37 49 -3 23
37 49 11 61
37 49 49 37
57 50 23 34
57 50 47 21
85 87 -6 29
85 87 12 62
85 87 11 61
85 87 96 66
72 47 2 34
72 47 96 66
72 47 49 37
72 47 14 48
72 47 76 -8
-3 23 2 34
-3 23 47 21
-6 29 12 62
-6 29 25 22
-6 29 14 63
-6 29 76 -8
12 62 47 66
12 62 11 61
12 62 23 34
-1 45 11 61
-1 45 14 48
-1 45 76 -8
-1 45 47 21
2 34 23 34
2 34 69 60
47 66 87 67
11 61 27 -3
87 67 49 37
87 67 14 48
87 67 -2 -8
87 67 69 60
25 22 27 -3
25 22 76 -8
25 22 69 60
96 66 14 48
23 34 76 -8
49 37 76 -8
49 37 -2 -8
14 63 27 -3
27 -3 -2 -8
14 48 9 32
-2 -8 9 32

33 -3
33 -3 33 7
33 -3 23 61
33 -3 67 -9
33 -3 61 -9
37 3 90 95
37 3 53 -6
37 3 58 5
37 3 60 79
90 51 47 57
90 51 54 81
90 95 60 32
48 95 6 55
48 95 23 61
48 95 11 45
48 95 -5 47
6 55 46 27
6 55 67 -9
47 57 58 5
47 57 46 27
47 57 15 -8
31 70 53 -6
31 70 11 45
31 70 60 79
31 70 15 -8
31 70 95 11
31 70 61 -9
29 72 76 69
29 72 58 5
29 72 61 -9
54 81 22 67
54 81 53 78
54 81 67 -9
36 14 23 61
33 7 53 78
33 7 42 11
33 7 61 -9
53 -6 67 -9
22 67 58 5
22 67 46 27
22 67 15 -8
76 69 58 5
11 45 46 27
11 45 67 -9
58 5 -5 47
60 79 67 -9
60 79 95 11
60 79 62 -6
-3 -9 53 78
53 78 95 11
46 27 95 11
60 32 61 -9
60 32 62 -6

56 29
56 29 87 -5
56 29 96 95
56 29 6 7
56 29 80 -3
56 29 42 34
56 29 68 87
87 -5 12 24
87 -5 42 34
87 -5 59 77
87 -5 62 54
87 -5 10 90
76 97 1 -3
76 97 96 95
76 97 6 7
76 97 47 93
76 97 96 35
76 97 68 87
1 -3 73 97
1 -3 95 100
1 -3 42 34
1 -3 68 87
1 -3 98 57
73 97 96 95
73 97 95 100
73 97 80 -3
73 97 71 2
73 97 85 95
12 24 6 7
12 24 54 8
12 24 96 35
12 24 62 54
12 24 68 87
96 95 11 75
96 95 71 2
96 95 -3 79
58 92 63 94
58 92 42 34
58 92 71 2
58 92 59 77
58 92 85 95
58 92 57 31
57 -6 63 94
57 -6 71 2
57 -6 47 93
57 -6 10 90
57 -6 68 87
57 -6 57 31
63 94 80 -3
63 94 73 77
63 94 62 54
63 94 57 31
6 7 53 86
6 7 -4 70
6 7 73 77
95 100 11 75
95 100 53 86
95 100 54 8
95 100 96 35
11 75 -4 70
11 75 59 77
11 75 62 54
11 75 57 31
80 -3 71 2
80 -3 54 8
80 -3 10 90
42 34 -3 79
42 34 85 95
53 86 47 93
53 86 59 77
53 86 -3 79
53 86 98 57
71 2 -4 70
54 8 -3 79
54 8 96 35
54 8 10 90
-4 70 47 93
-4 70 -3 79
-4 70 62 54
47 93 73 77
47 93 85 95
73 77 68 87
73 77 57 31
73 77 98 57
59 77 62 54
-3 79 10 90
96 35 57 31
96 35 98 57
10 90 98 57

31 37
31 37 6 6
31 37 1 95
31 37 70 83
31 37 68 10
31 37 54 85
31 37 64 0
83 89 31 90
83 89 42 93
83 89 14 20
6 6 22 85
6 18 68 10
22 68 54 85
49 78 68 10
55 75 -7 43
70 83 76 27
100 25 95 72
100 25 2 99
68 10 61 29
68 10 52 93
68 10 84 97
-7 43 54 85
-7 43 30 75
22 85 83 12
22 85 30 75
42 93 26 15
95 72 99 -2
12 32 26 15
54 85 26 15
64 0 99 -2
48 45 30 75

14 78
14 78 45 30
40 1 87 28
40 1 72 19
40 1 6 86
40 1 54 65
70 -9 37 96
70 -9 15 0
39 98 6 86
37 96 31 39
37 96 54 65
47 97 21 -5
47 97 72 19
21 -5 59 89
98 58 72 19
98 58 7 14
98 61 91 -7
98 61 56 84
91 -7 25 46
91 -7 59 89
25 46 53 -8
25 46 45 30
40 45 56 84
15 0 53 -8
15 0 59 89
15 0 7 14
96 26 72 19
65 55 54 65
32 33 13 96
32 33 7 14
3 57 65 79
3 57 13 96
3 57 54 65
56 84 45 30
45 30 72 19
59 89 72 19
59 89 54 65
6 86 50 59
13 96 54 65

6 2
6 2 100 2
6 2 66 70
6 2 3 0
6 2 89 62
6 2 5 47
84 68 60 83
84 68 3 0
84 68 89 62
21 71 15 20
21 71 -9 63
21 71 5 47
29 75 60 83
29 75 5 17
29 75 54 4
29 75 91 49
29 75 17 0
29 75 9 98
49 5 5 17
49 5 15 20
49 5 43 20
99 45 26 58
99 45 95 31
99 45 3 0
99 45 43 20
100 2 15 20
100 2 38 -8
8 -7 3 0
8 -7 17 97
8 -7 5 47
8 -7 13 63
60 83 97 -5
60 83 -9 63
5 17 91 49
5 17 89 62
5 17 85 17
5 17 26 65
15 20 26 58
15 20 5 47
15 20 9 98
66 70 3 0
66 70 5 47
26 58 97 -5
26 58 85 17
97 -5 17 97
97 -5 75 -10
43 20 91 49
91 49 17 0
91 49 75 -10
-9 63 17 97
89 62 17 97
89 62 13 63
89 62 75 -10
17 97 17 0
5 47 38 -8
9 98 75 -10
75 -10 26 65

-9 23
-9 23 74 4
-9 23 56 -3
-9 23 36 54
-9 23 1 36
-9 23 26 74
-9 23 94 55
95 61 74 4
95 61 34 36
95 61 13 -3
95 61 57 -9
95 61 1 36
18 61 51 59
18 61 33 33
90 90 37 4
90 90 72 45
13 38 51 59
13 38 -1 29
13 38 58 61
7 14 53 -4
7 14 34 36
7 14 -1 29
7 14 37 4
7 14 39 -1
7 14 64 77
53 -4 74 4
53 -4 38 3
53 -4 65 7
-9 40 57 -9
-9 40 94 56
-9 40 65 7
-9 40 72 45
74 4 33 33
38 3 51 59
38 3 56 -3
38 3 34 36
38 3 53 73
38 3 64 77
51 59 13 -3
51 59 94 56
51 59 58 61
56 -3 65 7
56 -3 94 55
56 -3 72 45
36 54 33 33
36 54 39 -1
36 54 87 96
33 33 26 74
34 36 -1 29
34 36 65 7
34 36 58 61
13 -3 37 4
13 -3 39 -1
13 -3 58 61
13 -3 94 55
57 -9 37 4
94 56 87 96
94 56 53 73
94 56 64 77
37 4 39 -1
39 -1 53 73
39 -1 72 45
65 7 1 36
65 7 26 74
1 36 53 73
1 36 26 74
87 96 26 74
53 73 64 77
53 73 94 55

-2 41
-2 41 -7 59
-2 41 26 84
-2 41 23 7
-2 41 11 0
-2 41 28 47
-2 41 70 68
-6 31 62 -3
44 98 96 -8
44 98 100 40
44 98 26 84
44 98 -3 16
44 98 5 16
96 -8 40 97
96 -8 26 84
96 -8 12 21
60 54 84 37
60 54 70 68
60 54 82 67
90 84 40 97
90 84 30 66
90 84 15 46
100 40 40 97
100 40 30 66
100 40 89 66
100 40 -3 16
84 37 5 16
84 37 12 21
-7 59 -3 16
40 97 30 66
40 97 10 20
40 97 70 68
85 84 99 79
85 84 12 21
26 84 82 67
30 66 11 0
30 66 61 31
30 66 5 16
22 100 99 79
22 100 82 67
-3 50 76 18
-3 50 28 47
23 7 -3 16
23 7 61 31
62 -3 99 79
62 -3 11 0
89 66 11 0
99 79 28 47
11 0 15 46
15 46 82 67
10 20 28 47
5 16 28 47
5 16 12 21
28 47 82 67
70 68 82 67

95 18
95 18 -7 69
95 18 96 92
95 18 40 61
95 18 12 -7
6 91 28 47
6 91 14 9
69 -4 3 41
69 37 3 41
95 100 -7 69
-4 7 96 14
-4 7 22 53
44 51 64 91
44 51 28 47
59 5 94 53
59 5 42 27
-7 69 64 91
-7 69 59 69
94 53 64 91
94 53 1 0
61 9 97 31
61 9 59 69
62 42 64 61
62 42 22 53
62 42 14 9
40 61 96 14
12 -7 22 53
77 6 17 49
64 61 22 53
64 61 17 49
22 53 14 9
64 91 51 36
64 91 59 69
3 41 59 69
9 42 17 49

60 21
60 21 96 58
60 21 -8 42
60 21 51 2
60 21 -3 24
60 21 56 26
35 63 16 55
35 63 -2 78
35 63 37 86
35 63 76 -5
35 63 5 70
35 63 6 29
90 76 5 70
90 76 6 29
64 27 -2 1
64 27 -4 61
41 41 74 7
41 41 99 28
41 41 56 26
-2 78 59 91
6 -8 5 70
48 81 56 26
96 58 10 74
96 58 -3 24
-2 1 99 28
-4 61 54 66
47 78 76 -5
47 78 -9 11
47 78 56 26
76 -5 74 7
76 -5 59 91
76 -5 5 70
76 -5 -9 11
74 7 99 28
59 91 5 70
59 91 -9 11
59 91 80 47
10 74 -3 24
5 70 -1 20
-9 11 51 2
54 66 99 28
54 66 -3 24
99 28 -8 42
-8 42 56 26
-8 42 81 -6
-3 24 81 -6
6 29 80 47
6 29 81 -6
-1 20 56 26

26 10
26 10 23 93
26 10 30 96
26 10 1 62
26 10 46 45
26 10 88 0
26 10 43 92
23 93 7 48
23 93 46 45
23 93 77 60
23 93 93 38
23 93 43 92
7 48 30 96
7 48 1 62
7 48 63 77
7 48 -4 45
7 48 39 -5
57 49 29 43
57 49 66 3
57 49 33 72
57 49 50 87
57 49 93 38
57 49 61 55
30 96 83 89
30 96 29 43
30 96 43 92
30 96 47 47
17 87 1 62
17 87 66 3
17 87 47 47
1 62 13 77
1 62 84 72
1 62 20 74
46 45 88 0
46 45 63 77
46 45 29 43
46 45 50 87
13 77 84 72
13 77 -4 45
13 77 25 65
13 77 43 92
13 77 47 47
77 60 43 92
88 0 83 89
88 0 28 46
83 89 -4 45
83 89 29 43
83 89 33 72
83 89 39 -5
84 72 -4 45
84 72 20 74
84 72 28 40
63 77 33 72
63 77 9 75
63 77 61 55
28 46 33 72
28 46 50 87
28 46 93 38
28 46 47 47
28 46 39 -5
-4 45 20 74
-4 45 66 3
29 43 25 65
29 43 61 55
20 74 9 75
20 74 50 87
66 3 54 24
66 3 9 75
66 3 61 55
28 40 93 38
33 72 9 75
33 72 93 38
25 65 93 38
25 65 61 55
54 24 9 75
54 24 43 92
9 75 39 -5
47 47 39 -5
61 55 39 -5

72 53
72 53 53 81
72 53 -4 79
72 53 43 85
72 53 88 33
72 53 77 -9
72 53 -3 65
58 80 -2 55
58 80 81 57
98 18 43 85
82 -5 98 37
82 -5 21 42
99 4 11 53
99 4 27 -9
53 81 12 27
53 81 43 85
53 81 71 14
12 27 74 72
12 27 -3 65
-4 79 71 14
-4 79 11 53
-4 79 81 57
34 37 28 88
34 37 81 57
60 32 77 -9
60 32 27 88
43 85 88 33
43 85 71 14
34 1 62 1
34 1 41 24
29 93 98 37
29 93 63 67
29 93 -3 65
62 1 77 -9
62 1 81 57
98 37 27 -9
98 37 81 57
77 -9 21 42
77 -9 54 84
77 -9 -2 55
71 14 -3 65
74 72 63 67
63 67 -3 65

78 58
78 58 25 32
78 58 42 76
78 58 48 -2
84 60 87 79
84 60 36 10
84 60 33 19
84 60 90 53
9 90 49 9
9 90 7 85
9 90 22 50
9 90 9 98
9 90 43 -4
43 77 -4 22
43 77 18 47
60 63 54 71
60 63 33 19
54 71 79 99
54 71 -4 22
54 71 33 19
25 32 17 26
25 32 36 10
25 32 33 19
30 44 9 98
30 44 84 92
30 44 18 47
7 85 9 98
7 85 -9 77
7 85 36 10
22 50 17 26
22 50 79 99
17 26 42 76
17 26 43 -4
42 76 84 92
42 76 -9 77
42 76 36 10
42 76 58 79
87 79 58 79
48 -2 89 -7
48 -2 79 99
48 -2 -4 22
84 92 63 46
-8 80 89 -7
89 -7 58 79
-9 77 33 19
24 90 58 79
36 10 90 53
36 10 18 47
33 19 58 79
90 53 58 79

51 16
51 16 -3 7
51 16 40 38
51 16 37 96
51 16 31 97
51 16 54 0
40 97 40 38
-3 7 -2 77
-3 7 46 59
75 9 37 96
86 52 31 97
2 54 40 38
2 54 42 78
2 54 37 87
-2 10 38 45
-2 10 24 0
40 38 -9 7
40 38 95 33
40 38 44 78
-3 51 42 78
-3 51 46 59
-9 7 17 39
-9 7 1 91
32 80 37 87
37 87 7 -2
1 91 38 45
31 97 -8 77
38 7 79 76
59 29 95 33
-8 77 79 76
95 33 36 4

10 20
10 20 28 59
10 20 14 60
10 20 3 31
10 20 11 54
10 20 49 18
10 20 77 19
38 13 94 56
38 13 49 68
38 13 80 99
38 13 39 73
38 13 11 54
27 60 95 99
94 56 95 99
94 56 77 19
4 -1 28 74
4 -1 14 60
4 -1 39 84
59 40 95 99
59 40 17 42
49 68 71 58
49 68 11 54
20 49 3 31
20 49 36 54
20 49 17 42
28 59 66 70
28 59 14 60
28 74 11 54
44 71 80 99
44 71 66 70
44 71 11 54
44 71 36 98
44 71 64 61
71 58 76 -1
71 58 95 99
71 58 39 73
71 58 33 -10
80 99 95 99
80 99 36 54
80 99 39 84
80 99 64 61
66 70 22 47
14 60 73 77
14 60 22 47
3 31 36 54
3 31 73 77
3 31 64 61
95 99 49 18
36 54 39 73
36 54 49 18
36 54 33 -10
39 73 49 18
39 73 36 98
73 77 49 18
11 54 64 61
49 18 22 47
39 84 33 -10
64 61 33 -10

560 4061
560 4061 -605 5896
560 4061 153 839
560 4061 8562 6980
560 4061 2997 8080
560 4061 8400 5333
560 4061 -669 -952
6137 1937 697 5389
6137 1937 4933 6483
754 7149 153 839
754 7149 4276 5825
754 7149 8781 5177
1376 786 2698 3016
1376 786 2316 -291
1376 786 1827 9776
1376 786 8781 5177
-605 5896 697 5389
-605 5896 8400 5333
-605 5896 3912 779
-605 5896 -669 -952
-605 5896 4517 7316
2698 3016 4276 5825
2698 3016 9524 -930
2698 3016 4517 7316
3806 1543 1827 9776
3806 1543 2997 8080
3806 1543 8400 5333
153 839 1139 79
153 839 1827 9776
153 839 4517 7316
8562 6980 1011 1483
8562 6980 4276 5825
2316 -291 -900 3462
2316 -291 559 5573
2316 -291 -669 -952
1139 79 8781 5177
1139 79 -215 5967
1139 79 559 5573
1011 1483 4933 6483
1011 1483 4782 6767
1827 9776 559 5573
1827 9776 581 4109
4276 5825 4933 6483
4276 5825 -900 3462
4276 5825 4517 7316
8781 5177 2997 8080
8781 5177 -900 3462
8781 5177 -669 -952
697 5389 9524 -930
2997 8080 9524 -930
8400 5333 3912 779
8400 5333 -215 5967
8400 5333 1863 1051
3912 779 1863 1051
3912 779 4782 6767
5650 9328 1863 1051
5650 9328 4782 6767
9524 -930 1863 1051
9524 -930 4517 7316
-900 3462 1863 1051
-900 3462 559 5573
1863 1051 -669 -952
-669 -952 4782 6767

6851 3528
6851 3528 3172 7329
6851 3528 6130 4632
6851 3528 1496 8400
6851 3528 3211 1493
6851 3528 4253 9484
420 699 3839 7791
420 699 -701 2414
8587 156 31 7387
8587 156 5657 5277
8587 156 9367 9612
8587 156 3880 3181
8587 156 7248 8868
3172 7329 31 7387
3172 7329 7423 4979
3172 7329 8102 1947
3172 7329 3525 4702
6130 4632 -701 2414
31 7387 7423 4979
31 7387 2512 8557
6471 2788 9367 9612
5657 5277 7662 3213
5657 5277 3211 1493
5657 5277 9000 8792
9367 9612 3839 7791
3796 1417 1496 8400
7423 4979 7561 5824
1496 8400 2512 8557
1496 8400 8102 1947
7561 5824 4253 9484
1516 5720 1000 9605
-701 2414 7248 8868
3211 1493 1498 6304
9000 8792 8145 7625
1000 9605 4140 9294
1000 9605 5060 2186
4140 9294 8102 1947
4140 9294 3525 4702
8102 1947 3525 4702

9000 2739
9000 2739 5920 8686
9000 2739 745 5887
9000 2739 3033 9449
9000 2739 3139 2197
7375 8707 4847 4462
7375 8707 -648 1729
7375 8707 6490 -890
7375 8707 5254 6372
7375 8707 3139 2197
7375 8707 5833 6532
4847 4462 3033 9449
4847 4462 6961 7574
8710 5332 2043 2093
8710 5332 5532 7810
8710 5332 7971 2305
8710 5332 6350 5314
7730 8996 6490 -890
7730 8996 5833 6532
8622 4122 4631 6860
8622 4122 5366 1361
9347 954 5920 8686
9347 954 8105 8686
9347 954 5532 7810
9347 954 2587 9479
9347 954 3834 4247
9347 954 6172 6057
2763 3043 745 5887
2763 3043 1495 8613
2763 3043 5254 6372
2763 3043 7500 3193
2763 3043 5833 6532
-648 1729 3033 9449
5920 8686 745 5887
6490 -890 4631 6860
6490 -890 5833 6532
6490 -890 6961 7574
2043 2093 745 5887
2722 528 5254 6372
2722 528 6172 6057
8105 8686 6350 5314
745 5887 5833 6532
745 5887 3834 4247
4631 6860 6961 7574
4631 6860 2587 9479
3033 9449 5532 7810
3033 9449 7500 3193
3033 9449 3834 4247
5254 6372 6961 7574
7500 3193 2587 9479
5833 6532 5366 1361
5366 1361 6350 5314
3834 4247 7971 2305

4613 7821
4613 7821 4451 610
4613 7821 -18 654
4613 7821 3702 5731
4613 7821 4700 1867
4613 7821 4212 7059
4613 7821 2836 388
6118 3443 3702 5731
4507 9356 8532 5349
7176 4521 5517 1879
7176 4521 8201 2785
7176 4521 1666 3096
4509 7342 8916 2594
4509 7342 9084 9164
4509 7342 4679 -592
4509 7342 5535 1742
4509 7342 3702 5731
8916 2594 -839 7811
4834 -978 7961 3141
-839 7811 -893 4883
4679 -592 -71 6495
4679 -592 5517 1879
7764 9182 3412 807
7764 9182 2836 388
-71 6495 4265 46
5517 1879 4183 3444
4183 3444 4212 7059
4700 1867 7961 3141
1323 143 4212 7059
5375 8737 4212 7059
3412 807 2836 388
8532 5349 2836 388
2836 388 7961 3141

2366 8969
2366 8969 5608 -172
2366 8969 9251 8068
2366 8969 500 9648
2366 8969 -949 6261
2366 8969 7021 1493
2366 8969 7711 -12
9211 764 3170 4156
9211 764 3970 -213
9211 764 500 9648
9211 764 1585 9233
5608 -172 2970 173
5608 -172 -949 6261
5608 -172 248 6885
3170 4156 9691 1569
3170 4156 9251 8068
3170 4156 2620 6368
3170 4156 8719 1267
3170 4156 7711 -12
2374 9412 7252 1494
2374 9412 500 9648
2374 9412 1981 5529
2374 9412 9673 9979
6874 7435 4458 2853
6874 7435 4529 6911
6874 7435 2620 6368
6874 7435 6701 6286
6874 7435 8719 1267
6874 7435 2182 3681
9691 1569 3970 -213
9691 1569 500 9648
9691 1569 2620 6368
9691 1569 655 5047
9691 1569 2182 3681
3970 -213 9251 8068
3970 -213 655 5047
3970 -213 1981 5529
3970 -213 2871 1954
338 3113 2970 173
338 3113 2871 1954
338 3113 8719 1267
338 3113 8572 2558
7252 1494 2970 173
7252 1494 7021 1493
7252 1494 1585 9233
7252 1494 2871 1954
7252 1494 2182 3681
2970 173 655 5047
2970 173 1981 5529
4458 2853 655 5047
4458 2853 8719 1267
4458 2853 2182 3681
4458 2853 8572 2558
4458 2853 248 6885
9251 8068 7021 1493
4529 6911 1981 5529
4529 6911 9673 9979
4529 6911 2182 3681
4529 6911 248 6885
7021 1493 1585 9233
7021 1493 9673 9979
7021 1493 7711 -12
2620 6368 655 5047
2620 6368 2871 1954
2216 2147 8719 1267
2216 2147 7711 -12
2216 2147 248 6885
2871 1954 8719 1267
2871 1954 7711 -12
7711 -12 8572 2558
2182 3681 8572 2558

3468 3805
3468 3805 8276 5994
3468 3805 6364 491
3468 3805 1468 2343
3468 3805 5723 9777
3468 3805 4610 3656
3468 3805 4752 1816
8276 5994 5560 7966
8276 5994 4866 2886
8276 5994 5723 9777
8276 5994 7991 984
2963 7703 5964 -329
2963 7703 3532 438
2963 7703 -998 3225
2963 7703 4752 1816
5964 -329 3109 795
5964 -329 4610 3656
5964 -329 -998 3225
5560 7966 6364 491
5560 7966 1468 2343
5560 7966 5723 9777
5560 7966 147 -294
5560 7966 7991 984
5063 8165 3109 795
5063 8165 5376 8751
4558 1237 -528 8999
4558 1237 7991 984
6364 491 3109 795
6364 491 -868 8998
6364 491 3532 438
6364 491 147 -294
4866 2886 9784 2320
4866 2886 3109 795
4866 2886 -868 8998
4866 2886 -998 3225
9784 2320 -122 6360
9784 2320 2692 6297
9784 2320 4752 1816
9784 2320 147 -294
3109 795 7991 984
3109 795 836 9505
-868 8998 4730 4708
1468 2343 -528 8999
1468 2343 8745 8797
1468 2343 -998 3225
-122 6360 -183 6107
-122 6360 2692 6297
9473 7749 5376 8751
9473 7749 3532 438
9473 7749 8745 8797
9473 7749 4730 4708
9473 7749 147 -294
5723 9777 8745 8797
5723 9777 2692 6297
5376 8751 -528 8999
5376 8751 -183 6107
5376 8751 7991 984
4610 3656 147 -294
3532 438 -183 6107
-528 8999 -183 6107
-528 8999 7991 984
8745 8797 147 -294
-183 6107 836 9505
2692 6297 1934 8488
-998 3225 4730 4708
-998 3225 1934 8488
4752 1816 4730 4708

5465 2944
5465 2944 4567 8473
5465 2944 341 8484
5465 2944 4638 -646
5465 2944 8288 5010
4567 8473 7077 5949
4567 8473 2804 6006
4567 8473 4266 1357
4567 8473 63 9947
4567 8473 8350 5585
6394 8792 2294 7283
6394 8792 341 8484
6394 8792 9301 -327
6394 8792 3531 9076
8818 4434 4638 -646
4432 9861 3007 241
7077 5949 2804 6006
7077 5949 4638 -646
2804 6006 7384 477
2804 6006 2971 8719
4627 2395 3737 6108
4627 2395 8288 5010
4266 1357 6300 6762
9301 -327 1089 -557
7855 2974 6300 6762
2366 1612 2971 8719
2366 1612 3495 7575
7384 477 4756 929
7384 477 2138 5374
7384 477 8034 7934
7384 477 2322 3891
4756 929 3007 241
3007 241 2322 3891

9023 2037
9023 2037 9780 7065
9023 2037 5949 2448
9023 2037 1441 9514
9023 2037 6106 5041
9023 2037 5618 8090
9023 2037 9187 3505
7652 8337 5182 -462
7652 8337 9877 -81
7652 8337 1632 7840
7652 8337 3286 9686
7652 8337 -189 675
7652 8337 9442 988
9285 1617 1441 9514
9285 1617 -691 4266
1681 8848 9842 6946
1681 8848 2596 4127
1681 8848 2583 4287
1681 8848 9442 988
5182 -462 6106 5041
5182 -462 3286 9686
5182 -462 3758 7247
5289 9493 9780 7065
5289 9493 7358 2591
5289 9493 2583 4287
5289 9493 -189 675
9780 7065 9442 988
9842 6946 5949 2448
9842 6946 3758 7247
9877 -81 -568 6100
9877 -81 2583 4287
9877 -81 9187 3505
-568 6100 2596 4127
-568 6100 1441 9514
-568 6100 3758 7247
-568 6100 -691 4266
6338 2003 2583 4287
6338 2003 2686 5473
7358 2591 5949 2448
7358 2591 2596 4127
7358 2591 1441 9514
7358 2591 -691 4266
5949 2448 -828 5249
2596 4127 7587 7896
2596 4127 -828 5249
2596 4127 3758 7247
1441 9514 2686 5473
1441 9514 1632 7840
5510 7126 7587 7896
5510 7126 2583 4287
5510 7126 1632 7840
5510 7126 5618 8090
2583 4287 3286 9686
2686 5473 5618 8090
8881 6992 1632 7840
8881 6992 3286 9686
8881 6992 -189 675
8881 6992 9442 988
1632 7840 3758 7247
-828 5249 9442 988

7375 5699
7375 5699 8988 5161
7375 5699 7189 -399
7375 5699 7060 7667
7375 5699 9890 6347
7375 5699 8726 3401
7375 5699 384 7563
5324 2641 -647 5824
5324 2641 6294 -905
5324 2641 8726 3401
5324 2641 101 4917
7764 9026 4242 -247
7764 9026 1074 6459
7764 9026 3675 1936
8988 5161 1074 6459
8988 5161 2604 1772
8988 5161 6163 5166
7189 -399 7226 9378
7189 -399 101 4917
3128 1331 -647 5824
3128 1331 384 7563
8534 -110 6989 -600
8534 -110 384 7563
7060 7667 4242 -247
7060 7667 6989 -600
7060 7667 2604 1772
7060 7667 6290 1518
7060 7667 101 4917
8336 6054 1074 6459
8336 6054 -647 5824
8336 6054 6989 -600
8336 6054 8726 3401
8336 6054 6163 5166
7226 9378 4242 -247
7226 9378 9890 6347
7226 9378 6290 1518
4242 -247 -647 5824
1074 6459 6294 -905
1074 6459 9101 7933
3807 3361 6163 5166
4605 2508 -753 9113
4605 2508 6290 1518
4605 2508 9101 7933
4605 2508 6163 5166
9890 6347 6989 -600
9890 6347 101 4917
3753 8803 -647 5824
3753 8803 6989 -600
3753 8803 8726 3401
6294 -905 3675 1936
6294 -905 6290 1518
-753 9113 6989 -600
-753 9113 2604 1772
-753 9113 7854 9089
2604 1772 6290 1518
2604 1772 6163 5166
6290 1518 6768 7652
384 7563 9101 7933
384 7563 7854 9089
6768 7652 6163 5166

6155 31
6155 31 8595 -376
6155 31 5799 4303
6155 31 3630 281
6155 31 6758 3072
6155 31 8872 1873
6155 31 4398 9872
8595 -376 7653 6083
8595 -376 5607 3208
8595 -376 9875 8096
8320 1864 6318 2625
8320 1864 4398 9872
3033 6429 5607 3208
3033 6429 6230 564
3033 6429 9875 8096
3033 6429 9425 2117
8484 6335 8872 1873
7653 6083 7681 6737
6318 2625 4398 9872
-788 1095 5799 4303
-788 1095 4398 9872
5799 4303 7681 6737
5799 4303 2584 7052
9247 95 6758 3072
8969 4720 6230 564
8969 4720 339 7035
4092 8924 9875 8096
6566 1473 7681 6737
6566 1473 9766 2075
6566 1473 8561 -438
5607 3208 8561 -438
5607 3208 2509 2227
3630 281 8191 7950
3630 281 1556 8708
8191 7950 6758 3072
8191 7950 339 7035
7681 6737 4398 9872
7681 6737 1556 8708
7681 6737 339 7035
9875 8096 8561 -438
9875 8096 2509 2227
9425 2117 9766 2075
9425 2117 4398 9872
2785 7183 9766 2075
2509 2227 1556 8708

9756 8081
9756 8081 8578 6744
9756 8081 18 1394
9756 8081 8445 8063
9756 8081 5937 1927
9756 8081 4505 8777
9756 8081 8630 8057
4419 9463 1624 2691
-785 8919 9387 9977
9387 9977 4971 9191
9387 9977 1624 2691
9387 9977 6413 4391
9387 9977 5937 1927
9387 9977 4505 8777
8578 6744 206 6879
8578 6744 6348 3576
5417 4461 18 1394
18 1394 7850 9873
18 1394 5694 5285
1624 2691 5510 6001
1624 2691 8215 2650
1624 2691 6510 8854
6413 4391 7595 6482
7408 5043 2154 6612
7408 5043 4505 8777
2057 9099 800 9897
2057 9099 206 6879
-654 4034 5937 1927
5937 1927 5966 -602
5937 1927 206 6879
3979 -442 8630 8057
-130 5163 8630 8057

4398 2614
4398 2614 7442 2314
4398 2614 430 1902
4398 2614 5299 9003
4398 2614 9291 4572
4398 2614 7115 2916
1789 -339 9136 4003
1789 -339 9724 6502
1789 -339 5299 9003
1789 -339 6936 7439
1789 -339 6579 7661
9136 4003 7442 2314
9136 4003 827 7179
9136 4003 2624 9444
9136 4003 8858 4095
7306 3856 9291 4572
7306 3856 3229 6528
7306 3856 2000 1053
9724 6502 6936 7439
9724 6502 3229 6528
9724 6502 7115 2916
8203 -354 430 1902
8203 -354 9557 8273
8203 -354 7457 3998
8203 -354 4776 7444
8203 -354 8858 4095
7442 2314 827 7179
7442 2314 1499 7391
7442 2314 3229 6528
430 1902 5299 9003
430 1902 2000 1053
430 1902 8858 4095
430 1902 5299 2789
5299 9003 1033 3329
5299 9003 7457 3998
5299 9003 7115 2916
827 7179 1499 7391
827 7179 -743 993
827 7179 8858 4095
827 7179 1982 5546
1290 2257 1499 7391
1290 2257 2624 9444
1290 2257 7457 3998
1290 2257 2000 1053
1290 2257 7614 734
1290 2257 4470 5092
9557 8273 1033 3329
9557 8273 1499 7391
9557 8273 1505 6813
9557 8273 6936 7439
9557 8273 7115 2916
1033 3329 1499 7391
1033 3329 1982 5546
9291 4572 2624 9444
9291 4572 2000 1053
9291 4572 7614 734
1499 7391 6579 7661
1505 6813 2624 9444
1505 6813 7457 3998
1505 6813 4776 7444
1505 6813 7115 2916
1505 6813 7614 734
6936 7439 6579 7661
6936 7439 4470 5092
6579 7661 2000 1053
6579 7661 5299 2789
2624 9444 3229 6528
2624 9444 7457 3998
3229 6528 7614 734
7457 3998 7614 734
4776 7444 -743 993
4776 7444 1982 5546
2000 1053 5299 2789
-743 993 8858 4095
4470 5092 1982 5546
4470 5092 5299 2789

5914 575
5914 575 9796 -30
5914 575 -570 5911
5914 575 1338 908
5914 575 -546 5018
5914 575 1954 4359
5914 575 5714 6459
9796 -30 2161 7470
9796 -30 1954 4359
9796 -30 5714 6459
9796 -30 9262 1934
9796 -30 6672 9665
3538 789 -570 5911
3538 789 1338 908
3538 789 4664 5352
3538 789 4632 131
3538 789 7410 1655
-570 5911 -546 5018
-570 5911 -373 1141
-570 5911 -702 8944
-570 5911 7410 1655
1338 908 8126 5803
1338 908 1954 4359
1338 908 5714 6459
1338 908 6672 9665
2161 7470 104 2729
2161 7470 6189 6447
2161 7470 -691 7155
2161 7470 3647 4785
2161 7470 3734 611
104 2729 601 8264
104 2729 8126 5803
104 2729 -691 7155
104 2729 7410 1655
-546 5018 -702 8944
-546 5018 1603 -143
-546 5018 9262 1934
-546 5018 6672 9665
6189 6447 601 8264
6189 6447 8126 5803
6189 6447 1954 4359
6189 6447 -691 7155
6189 6447 3647 4785
9528 1105 -373 1141
9528 1105 8977 9061
9528 1105 2521 6414
9528 1105 4664 5352
9528 1105 3033 7514
9528 1105 4632 131
-373 1141 8977 9061
-373 1141 5714 6459
-373 1141 9262 1934
-373 1141 9717 9658
8977 9061 4664 5352
8977 9061 6672 9665
8977 9061 3734 611
8977 9061 7410 1655
601 8264 8126 5803
601 8264 3714 8495
601 8264 3647 4785
601 8264 3734 611
8126 5803 -691 7155
8126 5803 9717 9658
2521 6414 1603 -143
2521 6414 5714 6459
2521 6414 3033 7514
2521 6414 4632 131
2521 6414 3647 4785
-702 8944 1954 4359
1954 4359 3734 611
1603 -143 4664 5352
1603 -143 9262 1934
1603 -143 9717 9658
1603 -143 6672 9665
5714 6459 9262 1934
3714 8495 4664 5352
3714 8495 3033 7514
3714 8495 -691 7155
3714 8495 9717 9658
3714 8495 7410 1655
4664 5352 4632 131
9262 1934 3734 611
-691 7155 6672 9665
9717 9658 3647 4785
9717 9658 7410 1655
3647 4785 3734 611

99 8777
99 8777 3300 1106
99 8777 8686 3486
99 8777 7380 2410
99 8777 9714 2697
99 8777 7005 6845
4215 1194 6263 7396
4215 1194 2052 3408
4215 1194 9507 1663
2237 6953 7148 527
9972 3015 9714 2697
7003 9600 5558 3048
7003 9600 5881 414
8007 4834 6553 7393
8007 4834 4977 2324
9077 -652 2307 115
9077 -652 1194 3648
6600 4108 2307 115
6600 4108 -373 6310
9757 4471 4977 2324
3300 1106 4977 2324
-519 5098 9714 2697
5558 3048 1730 7423
5558 3048 5259 8959
5558 3048 2307 115
1730 7423 9507 1663
7148 527 9714 2697
8686 3486 -373 6310
9714 2697 5259 8959
9067 5765 -373 6310
2052 3408 4977 2324
1194 3648 447 5595

4438 8413
4438 8413 251 5852
4438 8413 9834 3792
4438 8413 6218 998
4438 8413 8041 2256
4438 8413 8698 8291
4438 8413 9036 1549
251 5852 9755 2485
251 5852 830 2786
251 5852 -558 -733
251 5852 8863 -774
7029 1767 9834 3792
7029 1767 8041 2256
7029 1767 639 2700
7029 1767 7159 4874
7029 1767 5342 4256
7029 1767 -98 5447
1376 8395 9834 3792
1376 8395 785 6369
1376 8395 5342 4256
1376 8395 -98 5447
9834 3792 9755 2485
9834 3792 7159 4874
9834 3792 -279 9954
9755 2485 639 2700
9755 2485 3439 1208
9755 2485 830 2786
9755 2485 5364 8801
6218 998 3743 8347
6218 998 2284 7626
6218 998 6970 -500
8041 2256 126 4786
8041 2256 3439 1208
8041 2256 1553 8486
8041 2256 5342 4256
294 4275 7159 4874
294 4275 1553 8486
294 4275 -279 9954
294 4275 8698 8291
294 4275 5342 4256
294 4275 5364 8801
126 4786 -98 5447
-214 7194 2284 7626
-214 7194 3439 1208
-214 7194 1553 8486
-214 7194 785 6369
-214 7194 5364 8801
-214 7194 6970 -500
3743 8347 2284 7626
3743 8347 7159 4874
3743 8347 8698 8291
3743 8347 5364 8801
3743 8347 6970 -500
6046 -993 1553 8486
6046 -993 6970 -500
639 2700 -558 -733
639 2700 6970 -500
2284 7626 3439 1208
2284 7626 8698 8291
2284 7626 -98 5447
3439 1208 7159 4874
3439 1208 830 2786
7159 4874 -483 4911
1553 8486 785 6369
1553 8486 5342 4256
830 2786 9036 1549
830 2786 -558 -733
830 2786 8863 -774
-483 4911 -279 9954
-483 4911 785 6369
-483 4911 5342 4256
-483 4911 -98 5447
-483 4911 5364 8801
-279 9954 785 6369
-279 9954 8863 -774
8698 8291 8863 -774
8698 8291 -98 5447
785 6369 -558 -733
9036 1549 -558 -733
9036 1549 8863 -774
-558 -733 8863 -774

2402 7705
2402 7705 7353 5000
2402 7705 6867 8914
2402 7705 354 667
2402 7705 7363 9067
2402 7705 6794 5697
2402 7705 4015 6100
5056 4377 1323 5532
5056 4377 6647 5428
5056 4377 354 667
5056 4377 2941 9879
5056 4377 7539 1076
3322 7728 4546 4676
3322 7728 2969 8832
3322 7728 4015 6100
4546 4676 9992 8041
4546 4676 -209 5098
4546 4676 2941 9879
8012 7297 2969 8832
7353 5000 6040 1760
6867 8914 -208 2117
6867 8914 9992 8041
6867 8914 9448 8592
7434 182 4044 7416
-208 2117 2941 9879
7363 9067 -345 1478
7363 9067 9951 7576
7363 9067 7539 1076
4044 7416 9992 8041
4044 7416 6382 3651
4044 7416 7539 1076
6794 5697 7021 8311
7021 8311 2969 8832
7021 8311 6382 3651
9453 8192 7539 1076
1673 2479 4015 6100
4015 6100 -812 -85

3240 6338
3240 6338 7044 8099
3240 6338 -830 7075
3240 6338 4333 5109
3240 6338 6759 4349
3240 6338 6982 5460
7044 8099 4380 7029
7044 8099 7181 6437
9181 -734 6284 9719
-830 7075 6759 4349
4641 8261 6759 4349
4641 8261 6571 2365
4333 5109 48 2022
4333 5109 6284 9719
8380 -905 6759 4349
8380 -905 4380 7029
9420 -563 48 2022
9420 -563 2460 1911
48 2022 7031 3892
48 2022 -421 6378
8932 9434 465 2855
2420 1345 5752 6767
2420 1345 8968 3937
2420 1345 -421 6378
2420 1345 4031 7116
5900 2507 6284 9719
-658 995 8486 2737
465 2855 6759 4349
976 -665 -421 6378
8486 2737 6284 9719
9291 1457 7043 5160
9291 1457 -421 6378
6284 9719 7043 5160

280 9851
280 9851 8046 3667
280 9851 375 7705
280 9851 5746 2521
280 9851 4651 6049
280 9851 6799 -653
927 6221 5246 6260
927 6221 7453 2983
927 6221 669 7668
8046 3667 4651 6049
375 7705 7612 8912
8730 9845 4651 6049
8730 9845 669 7668
3920 1047 8541 1414
6050 4969 3162 4669
6050 4969 6799 -653
4207 1740 6304 1419
6873 1591 7363 8432
7363 8432 4817 3691
1877 3963 6806 8580
5010 6724 1655 8723
5010 6724 8445 2075
5010 6724 7612 8912
6991 -938 6807 9926
5246 6260 7707 6138
5246 6260 8445 2075
4651 6049 6304 1419
4651 6049 7453 2983
4651 6049 8541 1414
6806 8580 6304 1419
7707 6138 8445 2075
4817 3691 8541 1414
6304 1419 1655 8723
7453 2983 6799 -653
7581 -389 6799 -653
8445 2075 6807 9926
6807 9926 6799 -653

917 6255
917 6255 7548 6740
917 6255 -980 2367
917 6255 -722 8171
917 6255 1715 5891
917 6255 1905 5066
917 6255 7112 5236
2878 1698 -980 2367
2878 1698 3216 5924
2878 1698 6536 -422
2878 1698 7545 4167
2878 1698 1715 5891
5780 3309 2276 3491
5780 3309 7545 4167
5780 3309 735 3516
5780 3309 -129 509
5780 3309 9114 -104
5780 3309 -272 2378
7548 6740 2276 3491
7548 6740 8197 4098
7548 6740 9114 -104
7548 6740 7145 9718
-644 3276 6536 -422
-644 3276 5670 -621
-644 3276 -129 509
-644 3276 -272 2378
-644 3276 7145 9718
2276 3491 -980 2367
2276 3491 -129 509
2276 3491 7112 5236
2276 3491 7145 9718
-980 2367 1715 5891
-980 2367 6616 4035
-980 2367 7145 9718
8197 4098 3258 6401
8197 4098 1401 121
8197 4098 -408 6922
8197 4098 1905 5066
8197 4098 6092 5807
3216 5924 3258 6401
3216 5924 7545 4167
3216 5924 -722 8171
3216 5924 -408 6922
3216 5924 -272 2378
3258 6401 -901 -920
6536 -422 5670 -621
6536 -422 1905 5066
7545 4167 1715 5891
7545 4167 -901 -920
7545 4167 -129 509
-722 8171 -272 2378
-722 8171 7112 5236
602 7662 1715 5891
602 7662 9114 -104
1401 121 -408 6922
1401 121 735 3516
1401 121 6616 4035
1401 121 -901 -920
1401 121 4850 953
5670 -621 -408 6922
5670 -621 -129 509
5670 -621 6092 5807
5670 -621 -272 2378
1715 5891 7145 9718
-408 6922 8448 515
-408 6922 9114 -104
735 3516 8448 515
735 3516 -901 -920
735 3516 6092 5807
6616 4035 -901 -920
6616 4035 1905 5066
6616 4035 6092 5807
8448 515 6092 5807
8448 515 -272 2378
-901 -920 -129 509
1905 5066 7112 5236
1905 5066 7145 9718
6092 5807 4850 953
4850 953 7112 5236

4461 4211
4461 4211 7073 573
4461 4211 5240 -477
4461 4211 777 5658
4461 4211 9142 -310
4461 4211 5959 2732
4461 4211 7729 7145
4642 2438 8317 5805
7104 5446 -222 1733
7104 5446 8317 5805
7104 5446 454 4487
7104 5446 777 5658
7104 5446 8337 5474
7104 5446 -429 6313
1885 8684 98 2825
1885 8684 8317 5805
1885 8684 7851 8841
1885 8684 8953 7717
1885 8684 3599 9752
94 5382 98 2825
94 5382 5185 416
94 5382 7851 8841
94 5382 8337 5474
94 5382 5959 2732
1166 4857 777 5658
1166 4857 9142 -310
1166 4857 9120 2250
1166 4857 7729 7145
7073 573 -222 1733
7073 573 5185 416
7073 573 -429 6313
-222 1733 3403 2328
-222 1733 5918 2151
-222 1733 8337 5474
98 2825 9142 -310
98 2825 3599 9752
3403 2328 8337 5474
3403 2328 -509 5596
3403 2328 -429 6313
5185 416 8317 5805
5185 416 454 4487
5185 416 8885 4157
5185 416 7729 7145
8317 5805 8953 7717
8317 5805 8337 5474
454 4487 5240 -477
454 4487 8337 5474
454 4487 4437 2295
454 4487 7729 7145
7851 8841 8885 4157
5240 -477 8953 7717
5240 -477 9120 2250
5240 -477 -429 6313
5240 -477 5959 2732
8953 7717 5918 2151
8953 7717 4437 2295
8953 7717 -509 5596
5918 2151 3599 9752
777 5658 4437 2295
777 5658 8610 7925
777 5658 7729 7145
9142 -310 -149 -601
9142 -310 8610 7925
9120 2250 4437 2295
9120 2250 5959 2732
9120 2250 8610 7925
3599 9752 -429 6313
3599 9752 -149 -601
3599 9752 8610 7925
-509 5596 8885 4157
-509 5596 7729 7145
-429 6313 -149 -601
8885 4157 5959 2732
-149 -601 5959 2732
-149 -601 8610 7925

4725 6837
4725 6837 2476 9861
4725 6837 9575 8584
4725 6837 4828 2123
4725 6837 -668 2421
9617 6053 7718 2277
9617 6053 1258 9225
9617 6053 -993 3351
8635 6685 3543 9063
8635 6685 1149 6415
8635 6685 5413 662
8635 6685 5183 1553
3543 9063 1979 6562
3543 9063 5781 5836
3543 9063 9575 8584
3543 9063 8602 952
3543 9063 1897 3906
1149 6415 2476 9861
1149 6415 1258 9225
1149 6415 1038 2370
8321 3072 5183 1553
2476 9861 4094 5801
1979 6562 -993 3351
1979 6562 5413 662
7718 2277 5781 5836
7718 2277 1258 9225
7718 2277 8602 952
7718 2277 4665 8050
5781 5836 4094 5801
5781 5836 1818 6297
5781 5836 -668 2421
1258 9225 4094 5801
1258 9225 -505 -86
6219 6714 4094 5801
6219 6714 8314 587
6219 6714 1897 3906
6219 6714 5413 662
979 3399 1897 3906
979 3399 4665 8050
979 3399 5183 1553
1380 2926 1897 3906
1380 2926 5183 1553
-505 -86 1897 3906
-505 -86 5413 662
9575 8584 8314 587
4828 2123 2993 712
4828 2123 7868 1498
2993 712 7868 1498
-993 3351 8602 952
-993 3351 1038 2370
-993 3351 4665 8050
8602 952 1818 6297
8602 952 8314 587
8602 952 5413 662
1818 6297 8314 587
1818 6297 5183 1553
1897 3906 5413 662
1038 2370 4665 8050
4665 8050 -668 2421

9270 1548
9270 1548 2931 6037
9270 1548 285 1882
9270 1548 5547 4468
9270 1548 4813 832
9270 1548 8701 5014
5737 691 1958 6040
5737 691 5547 4468
5737 691 1911 2837
5737 691 3041 4800
5737 691 9394 1575
5737 691 9309 9693
7984 4591 2048 7948
7984 4591 -66 5556
7984 4591 3878 3121
3801 9571 285 1882
3801 9571 9962 5695
3801 9571 9759 -276
3801 9571 -66 5556
3801 9571 8701 5014
1958 6040 2328 6039
1958 6040 689 1257
1958 6040 3041 4800
2328 6039 -66 5556
2328 6039 7276 5870
2931 6037 -66 5556
2931 6037 8701 5014
2931 6037 6536 5372
689 1257 5547 4468
689 1257 6410 4388
689 1257 9759 -276
689 1257 -66 5556
689 1257 5157 2591
6090 7037 9962 5695
6090 7037 -350 9684
6090 7037 9759 -276
6090 7037 3041 4800
6090 7037 7276 5870
6090 7037 6536 5372
285 1882 5547 4468
285 1882 4813 832
285 1882 -350 9684
285 1882 5298 4548
5547 4468 7276 5870
5547 4468 3878 3121
9962 5695 2048 7948
9962 5695 9309 9693
1911 2837 4813 832
1911 2837 9759 -276
7857 2273 7276 5870
7857 2273 5157 2591
7987 6969 -350 9684
7987 6969 9309 9693
2048 7948 9394 1575
2048 7948 9309 9693
4813 832 5157 2591
-350 9684 -66 5556
6410 4388 9759 -276
9759 -276 5157 2591
3041 4800 7276 5870
7276 5870 6536 5372
5298 4548 3878 3121

29 3331
29 3331 9445 -690
29 3331 7590 7940
29 3331 2252 8029
29 3331 -781 5945
29 3331 2390 4178
5137 402 -182 8693
5137 402 -484 1991
9412 4231 2885 9824
9412 4231 1061 3730
9412 4231 8193 6648
2369 7750 5076 8850
2369 7750 7986 2101
2885 9824 -781 5945
-182 8693 -610 7546
-182 8693 6392 7558
9445 -690 5076 8850
5063 9 5076 8850
5076 8850 7986 2101
5076 8850 8193 6648
1061 3730 9916 5577
2827 7367 2390 4178
7590 7940 4760 6997
-484 1991 2390 4178
6109 5611 6825 -41
6109 5611 7008 4029
6254 1940 367 6378
2252 8029 -781 5945
6825 -41 367 6378
2062 -461 -288 6604
2062 -461 7008 4029
2062 -461 367 6378
-610 7546 367 6378
-610 7546 6392 7558
7008 4029 2390 4178
7986 2101 1484 8089
2390 4178 367 6378

2467 6112
2467 6112 70 5400
2467 6112 6117 3261
2467 6112 3564 6647
2467 6112 1844 2953
2467 6112 4161 587
2467 6112 710 7686
5499 930 4228 2361
5499 930 6535 8402
5499 930 8102 7097
5499 930 2545 2579
5499 930 1844 2953
5499 930 9484 8417
358 598 829 2505
358 598 3564 6647
358 598 662 4498
358 598 4161 587
358 598 710 7686
358 598 5674 1001
9055 6237 922 9163
9055 6237 1377 3084
9055 6237 2786 9688
9055 6237 4161 587
4873 2482 6535 8402
4873 2482 2545 2579
4873 2482 710 7686
4873 2482 5674 1001
4029 8393 70 5400
4029 8393 922 9163
4029 8393 2456 4336
4029 8393 710 7686
4228 2361 922 9163
4228 2361 2456 4336
4228 2361 1377 3084
8644 4006 -528 6226
8644 4006 829 2505
8644 4006 8415 6046
8644 4006 3564 6647
8644 4006 2786 9688
8644 4006 9484 8417
70 5400 8102 7097
70 5400 2545 2579
70 5400 710 7686
6535 8402 3564 6647
6535 8402 2786 9688
6535 8402 662 4498
8102 7097 922 9163
8102 7097 9410 6403
8102 7097 710 7686
922 9163 6117 3261
922 9163 2786 9688
6117 3261 -528 6226
6117 3261 1377 3084
6117 3261 4161 587
6117 3261 5674 1001
-528 6226 2456 4336
-528 6226 -251 7414
-528 6226 9484 8417
2456 4336 2545 2579
2456 4336 4161 587
2456 4336 2033 9332
9410 6403 829 2505
9410 6403 8415 6046
9410 6403 3564 6647
9410 6403 1844 2953
829 2505 2786 9688
829 2505 1844 2953
829 2505 9484 8417
-251 7414 8415 6046
-251 7414 662 4498
8415 6046 1377 3084
8415 6046 2545 2579
8415 6046 5674 1001
1377 3084 3564 6647
1377 3084 2033 9332
2545 2579 2786 9688
1844 2953 662 4498
9484 8417 2033 9332
9484 8417 5674 1001
662 4498 2033 9332
4161 587 2033 9332

-656 6
-656 6 6830 4329
-656 6 4371 9842
-656 6 -799 8882
-656 6 5178 5657
-656 6 5371 -617
-656 6 2096 6555
4131 9326 9796 2117
4131 9326 5154 3706
3366 589 7274 671
3366 589 5371 -617
3366 589 8195 704
6830 4329 5341 6999
6830 4329 5398 9629
6830 4329 5173 7387
9796 2117 2096 6555
9796 2117 1425 -80
7274 671 -151 1835
7274 671 2096 6555
7274 671 3223 6451
4371 9842 8 5743
-151 1835 5341 6999
-151 1835 3223 6451
8 5743 9070 9674
8 5743 5173 7387
5178 5657 6304 5673
5178 5657 3020 8673
5178 5657 -709 -592
5178 5657 6468 4583
5371 -617 3020 8673
1639 1388 6304 5673
1639 1388 3020 8673
1639 1388 5173 7387
5341 6999 3223 6451
5398 9629 8801 5274
8801 5274 6304 5673
8801 5274 6468 4583
8801 5274 6155 3476
5154 3706 5173 7387
5154 3706 9992 -63
5154 3706 6155 3476
2096 6555 3223 6451
2096 6555 9992 -63
2096 6555 6155 3476
1425 -80 9992 -63
9070 9674 3020 8673
3020 8673 5173 7387
6468 4583 5173 7387
6468 4583 9992 -63
6468 4583 8599 6690

9186 9669
9186 9669 6521 1050
9186 9669 1295 4886
9186 9669 5214 9703
9186 9669 6252 6290
9186 9669 3980 1740
9186 9669 8816 2866
3687 3294 6625 7118
3687 3294 2056 2879
3687 3294 6238 155
8366 8147 2286 1449
8366 8147 2056 2879
8366 8147 1 -208
8366 8147 4348 450
4696 3544 2056 2879
4696 3544 5148 1720
5591 735 3646 -103
5591 735 5148 1720
5591 735 8816 2866
2286 1449 6625 7118
2286 1449 422 9338
6625 7118 2056 2879
6625 7118 422 9338
6625 7118 2808 7779
6625 7118 1775 8121
3178 1469 1 -208
3178 1469 1295 4886
3178 1469 6637 5858
3178 1469 4348 450
3178 1469 5438 9365
2056 2879 6637 5858
2056 2879 6252 6290
422 9338 6238 155
422 9338 4348 450
422 9338 6252 6290
6521 1050 6238 155
2808 7779 1103 911
2808 7779 5148 1720
2808 7779 1346 9761
2808 7779 8816 2866
1775 8121 3646 -103
1775 8121 5148 1720
1775 8121 5214 9703
1775 8121 6637 5858
1775 8121 9458 6054
1 -208 3646 -103
1 -208 5214 9703
1 -208 4348 450
1 -208 3980 1740
1295 4886 2042 -269
1295 4886 8816 2866
2042 -269 9458 6054
2042 -269 3980 1740
1103 911 6238 155
1103 911 3646 -103
1103 911 5438 9365
1103 911 3980 1740
3646 -103 1346 9761
5148 1720 6252 6290
5214 9703 6252 6290
4348 450 6252 6290
8794 6078 3980 1740

6888 9581
6888 9581 3565 7292
6888 9581 680 5410
6888 9581 2324 9329
6888 9581 4844 6626
947 1093 2389 1946
947 1093 9152 9423
7724 9512 2278 4356
7724 9512 680 5410
653 643 1817 2465
653 643 2278 4356
653 643 5906 7427
653 643 9700 7640
653 643 3956 1029
405 1266 9063 3475
92 5150 2389 1946
92 5150 -385 -666
92 5150 6293 8756
92 5150 949 1237
2389 1946 1817 2465
1022 9003 1701 6461
7632 7491 1701 6461
7632 7491 1917 5264
-287 7156 680 5410
-287 7156 1917 5264
3565 7292 9152 9423
3565 7292 1701 6461
3565 7292 9700 7640
3565 7292 9063 3475
3565 7292 5624 -944
1817 2465 680 5410
1817 2465 -281 4573
5906 7427 9152 9423
5906 7427 -114 2630
5906 7427 3956 1029
-385 -666 1701 6461
-385 -666 -114 2630
-385 -666 3956 1029
1701 6461 949 1237
1701 6461 -281 4573
680 5410 5723 6538
9063 3475 1917 5264
5723 6538 4844 6626

8658 9257
8658 9257 338 4676
8658 9257 7686 5009
8658 9257 -44 463
8658 9257 729 2204
8658 9257 5350 6088
8658 9257 7542 1775
7870 2869 338 4676
7870 2869 4525 8191
7870 2869 4759 1670
-468 38 8903 -691
-468 38 7542 1775
3037 904 2295 3357
3037 904 7027 9131
3037 904 280 451
3037 904 4525 8191
338 4676 1873 2604
338 4676 -44 463
338 4676 6791 7277
338 4676 5350 6088
2295 3357 6355 4396
2295 3357 7686 5009
2295 3357 3639 9254
1873 2604 6355 4396
1873 2604 7686 5009
1873 2604 4759 1670
1873 2604 6003 2702
6355 4396 7339 8644
7686 5009 3460 285
7686 5009 1671 7811
7686 5009 945 2480
7027 9131 45 -456
-44 463 3460 285
-44 463 7339 8644
-44 463 7542 1775
1885 2488 7339 8644
1885 2488 7223 6851
1885 2488 5367 2580
1885 2488 45 -456
3460 285 729 2204
3460 285 45 -456
7339 8644 8903 -691
7339 8644 4759 1670
729 2204 45 -456
1671 7811 280 451
1671 7811 6791 7277
1671 7811 3639 9254
1671 7811 1004 4799
1671 7811 7542 1775
280 451 3639 9254
6791 7277 7223 6851
7223 6851 5367 2580
7223 6851 4525 8191
7223 6851 945 2480
8903 -691 6003 2702
5367 2580 3639 9254
5367 2580 4525 8191
5367 2580 6003 2702
5350 6088 3639 9254
5350 6088 1004 4799
5350 6088 6003 2702
3639 9254 4525 8191
4525 8191 4759 1670
45 -456 6003 2702
4759 1670 6003 2702

1713 1856
1713 1856 6478 5635
1713 1856 8412 9432
1713 1856 1409 9026
1713 1856 8875 3192
1713 1856 9205 8685
1713 1856 -662 1112
3246 6230 -662 1112
3246 6230 5929 8480
6478 5635 8729 1788
6478 5635 -404 6405
6478 5635 187 6918
8729 1788 6967 3853
8729 1788 1057 9194
873 4346 8875 3192
873 4346 2366 7718
873 4346 5800 6450
6967 3853 7321 -803
6967 3853 4945 8559
4725 2643 8603 7735
4725 2643 4954 3753
8412 9432 2625 7653
296 2016 2625 7653
296 2016 6710 7674
1409 9026 9038 8914
1409 9026 187 6918
1409 9026 6710 7674
1409 9026 466 9468
8875 3192 2366 7718
8875 3192 466 9468
2625 7653 7321 -803
2625 7653 8603 7735
-404 6405 1179 2198
-404 6405 466 9468
1057 9194 2366 7718
1057 9194 9038 8914
1057 9194 -662 1112
1057 9194 9563 9925
1057 9194 5800 6450
2366 7718 9038 8914
2366 7718 5749 9613
9205 8685 5749 9613
9205 8685 187 6918
9205 8685 4945 8559
9038 8914 5749 9613
9038 8914 8603 7735
9038 8914 4954 3753
5749 9613 -662 1112
5749 9613 6710 7674
5749 9613 9563 9925
187 6918 6710 7674
187 6918 466 9468
187 6918 4945 8559
-662 1112 5929 8480
-662 1112 9563 9925
6710 7674 466 9468
6710 7674 4945 8559

9529 5034
9529 5034 6641 7443
9529 5034 2807 594
9529 5034 7303 7904
9529 5034 6550 5487
9529 5034 4450 6582
9529 5034 6031 7296
5713 8546 2190 8581
5713 8546 2807 594
5713 8546 3092 9730
5713 8546 5482 7313
5713 8546 763 7294
4819 1343 2585 6970
4819 1343 6706 2289
4819 1343 2807 594
4819 1343 3842 -667
4819 1343 3256 1818
4819 1343 1826 -659
6641 7443 2756 2902
6641 7443 6215 924
6641 7443 5482 7313
6641 7443 1826 -659
6641 7443 7121 6972
2756 2902 7977 4132
2756 2902 1448 3469
2756 2902 763 7294
2190 8581 5774 -102
2190 8581 3092 9730
2190 8581 -636 6097
2190 8581 6550 5487
2190 8581 6031 7296
7977 4132 2585 6970
7977 4132 3842 -667
7977 4132 496 1484
7977 4132 1826 -659
8839 6944 1448 3469
8839 6944 8672 6332
5774 -102 -636 6097
5774 -102 3256 1818
5774 -102 496 1484
5774 -102 6550 5487
5774 -102 6031 7296
1448 3469 3092 9730
2585 6970 6550 5487
2585 6970 5398 375
2585 6970 8672 6332
2585 6970 6031 7296
6706 2289 496 1484
6706 2289 4450 6582
2807 594 3092 9730
2807 594 4467 470
2807 594 -636 6097
7303 7904 -636 6097
7303 7904 763 7294
3842 -667 6215 924
3842 -667 4450 6582
3092 9730 5398 375
3092 9730 7121 6972
6215 924 4467 470
6215 924 8672 6332
4467 470 8672 6332
-636 6097 4450 6582
496 1484 6550 5487
496 1484 7121 6972
496 1484 8672 6332
6550 5487 5398 375
763 7294 7121 6972
5398 375 8672 6332

2466 9820
2466 9820 -710 4638
2466 9820 6639 702
2466 9820 7619 5627
2466 9820 937 2037
2466 9820 8081 7553
2466 9820 2762 3789
-710 4638 3202 7514
-710 4638 4912 1181
-710 4638 901 7219
-710 4638 9360 4149
51 8549 4912 1181
51 8549 6766 7595
51 8549 3873 5455
8299 303 4912 1181
8299 303 7619 5627
8299 303 937 2037
8299 303 -374 421
8299 303 2762 3789
4419 4256 901 7219
4419 4256 937 2037
4419 4256 3845 9621
6639 702 7446 7223
6639 702 5568 1197
6639 702 3367 9701
6639 702 6745 3204
3202 7514 -374 421
3202 7514 7877 678
643 375 -583 4374
643 375 901 7219
4912 1181 937 2037
4912 1181 9360 4149
4912 1181 -489 2729
-583 4374 7619 5627
7446 7223 3367 9701
4714 4504 -374 421
4714 4504 8081 7553
4714 4504 3845 9621
9992 2433 6766 7595
9992 2433 9360 4149
9992 2433 3367 9701
9992 2433 3845 9621
9992 2433 -489 2729
7619 5627 5568 1197
7619 5627 6766 7595
7619 5627 3367 9701
5568 1197 -489 2729
901 7219 8081 7553
901 7219 6745 3204
6766 7595 -374 421
8242 3376 7898 5736
9360 4149 2762 3789
-374 421 3873 5455
-374 421 7877 678
8081 7553 3873 5455
8081 7553 7877 678
8081 7553 7898 5736
3367 9701 7898 5736
3873 5455 7877 678
3873 5455 3845 9621
7877 678 -489 2729

6635 472
6635 472 5931 2006
6635 472 4257 7492
6635 472 3058 9011
6635 472 988 1821
6635 472 7963 2048
6635 472 1438 2819
6932 9474 5815 -619
6932 9474 6955 6779
6932 9474 6198 3744
6932 9474 3058 9011
6932 9474 7855 8811
2952 6679 5815 -619
2952 6679 9249 -438
2952 6679 7516 1022
2952 6679 4704 9580
5361 -171 6832 4290
5361 -171 6955 6779
5361 -171 988 1821
5361 -171 7855 8811
5815 -619 8372 -544
5815 -619 9249 -438
5815 -619 4704 9580
5815 -619 2576 8495
6832 4290 6891 2641
6832 4290 3058 9011
6832 4290 988 1821
6832 4290 2576 8495
6832 4290 1438 2819
5931 2006 5085 4575
5931 2006 1545 5361
5931 2006 4359 8959
5931 2006 3287 9855
8372 -544 3058 9011
8372 -544 1545 5361
4257 7492 1438 2819
4257 7492 3287 9855
2530 8156 9249 -438
2530 8156 6891 2641
2530 8156 6198 3744
2530 8156 7516 1022
2530 8156 1438 2819
6955 6779 8042 151
6955 6779 1438 2819
6955 6779 9824 9905
9249 -438 3058 9011
9249 -438 7855 8811
6891 2641 8042 151
6891 2641 9824 9905
5085 4575 8042 151
5085 4575 9824 9905
6198 3744 2478 -208
6198 3744 7963 2048
6198 3744 8042 151
2478 -208 4359 8959
2478 -208 3287 9855
3058 9011 4359 8959
988 1821 3287 9855
7855 8811 2576 8495
7855 8811 1438 2819
7963 2048 4704 9580
7963 2048 9824 9905
7516 1022 3287 9855
7516 1022 9824 9905
4704 9580 -185 7657
4359 8959 -185 7657
4359 8959 8042 151
-185 7657 2576 8495
8042 151 9824 9905

1577 6584
1577 6584 1192 9531
1577 6584 5833 1948
1577 6584 669 5672
1577 6584 9043 3368
1577 6584 8623 7814
1577 6584 7811 2845
8734 266 7483 6877
8734 266 5833 1948
8734 266 636 1404
8734 266 3764 7939
8734 266 7811 2845
1662 7579 1389 3358
1662 7579 5833 1948
1662 7579 3764 7939
1662 7579 8623 7814
7483 6877 9873 5099
7483 6877 6012 4288
7483 6877 669 5672
7483 6877 3764 7939
7483 6877 6161 6283
9873 5099 669 5672
9873 5099 8623 7814
9873 5099 7811 2845
9873 5099 9525 1924
9873 5099 9034 -678
1389 3358 5833 1948
1389 3358 6694 1569
1389 3358 5075 8937
1389 3358 669 5672
1389 3358 9043 3368
8832 2033 6694 1569
8832 2033 6012 4288
8832 2033 1597 4441
8832 2033 5075 8937
8832 2033 3764 7939
8832 2033 8623 7814
1192 9531 3824 5025
1192 9531 6007 9095
1192 9531 9525 1924
1192 9531 9034 -678
5833 1948 6694 1569
5833 1948 4182 365
3824 5025 6007 9095
3824 5025 1597 4441
3824 5025 6161 6283
3824 5025 5348 5766
3824 5025 5313 2622
6007 9095 6012 4288
6007 9095 8623 7814
6007 9095 7645 4553
6007 9095 9525 1924
6694 1569 5348 5766
6694 1569 3245 9042
6694 1569 7811 2845
6012 4288 9043 3368
6012 4288 4182 365
6012 4288 5313 2622
636 1404 1597 4441
636 1404 669 5672
636 1404 8623 7814
636 1404 3245 9042
636 1404 4182 365
1597 4441 7305 7673
5075 8937 5348 5766
5075 8937 9525 1924
669 5672 7645 4553
3764 7939 7305 7673
3764 7939 3245 9042
7305 7673 9043 3368
7305 7673 6161 6283
7305 7673 4182 365
7305 7673 5313 2622
9043 3368 5313 2622
9043 3368 9525 1924
6161 6283 5348 5766
6161 6283 3245 9042
6161 6283 7645 4553
5348 5766 5313 2622
5348 5766 9034 -678
3245 9042 4182 365
3245 9042 9034 -678
4182 365 7645 4553
7645 4553 7811 2845
7645 4553 9525 1924
7811 2845 9034 -678

-561 152
-561 152 1874 2411
-561 152 -483 464
-561 152 3510 7356
-561 152 1405 -529
-561 152 9271 3617
-561 152 8984 5182
1874 2411 2028 2110
1874 2411 2552 4827
8066 8492 543 4517
8066 8492 8987 689
-483 464 8103 3221
-483 464 8984 5182
1745 5832 2481 3377
1745 5832 2028 2110
7867 3023 2481 3377
1836 -22 9271 3617
1836 -22 403 1407
3510 7356 1261 1384
3510 7356 5771 519
3510 7356 3045 6490
3510 7356 2191 4671
3510 7356 403 1407
1405 -529 2749 8833
1405 -529 8987 689
1261 1384 3045 6490
1261 1384 543 4517
1261 1384 2191 4671
1261 1384 7098 3583
5771 519 2552 4827
4115 3073 2191 4671
4115 3073 2749 8833
2481 3377 -83 4179
2481 3377 8987 689
2028 2110 2236 4722
2028 2110 2191 4671
2028 2110 -83 4179
2028 2110 744 6977
2552 4827 403 1407
2552 4827 8987 689
3135 405 543 4517
3045 6490 2191 4671
2236 4722 8103 3221
543 4517 9271 3617
543 4517 4419 3410
9271 3617 8987 689
9271 3617 744 6977
2191 4671 -83 4179
403 1407 2749 8833
403 1407 8103 3221
4419 3410 8103 3221
2749 8833 8987 689

9234 175
9234 175 535 8667
9234 175 6751 4506
9234 175 7019 541
-366 8442 5351 1864
-366 8442 6652 1730
-366 8442 2803 -692
-366 8442 3192 -151
5111 979 3023 5489
5111 979 5351 1864
5111 979 6751 4506
5111 979 4228 9855
3023 5489 5351 1864
3023 5489 6590 663
3023 5489 5636 2754
3023 5489 3192 -151
3023 5489 4228 9855
2853 3890 3329 5052
2853 3890 8403 4617
2853 3890 -958 8122
2853 3890 9285 4208
2853 3890 7707 5489
2853 3890 4228 9855
5351 1864 5636 2754
5351 1864 2408 5194
6430 4475 348 9104
6430 4475 1504 4798
4624 800 8601 5227
4624 800 535 8667
4624 800 6751 4506
4624 800 2524 8470
4624 800 1504 4798
8601 5227 5636 2754
8601 5227 7707 5489
8601 5227 3192 -151
3329 5052 535 8667
3329 5052 6091 3269
535 8667 6590 663
535 8667 9285 4208
6652 1730 6590 663
6652 1730 5636 2754
6652 1730 4228 9855
6590 663 4450 8520
6590 663 5636 2754
4450 8520 2524 8470
6751 4506 6091 3269
6751 4506 9285 4208
6751 4506 3192 -151
6091 3269 1504 4798
348 9104 9285 4208
348 9104 7019 541
1190 1093 2408 5194
2803 -692 7019 541
2803 -692 3192 -151
2803 -692 4228 9855
-958 8122 7707 5489
-958 8122 7019 541
9285 4208 3192 -151
1504 4798 2408 5194
1504 4798 7019 541
7707 5489 2408 5194
7707 5489 4228 9855
2408 5194 7019 541

6674 4744
6674 4744 -464 9226
6674 4744 9613 5186
6674 4744 5079 3350
6674 4744 4383 2699
6674 4744 9833 1254
6674 4744 8227 5482
9705 -612 2802 7420
9705 -612 -464 9226
9705 -612 2703 3973
9705 -612 9613 5186
9705 -612 6814 7961
9705 -612 2098 3579
9696 9457 -531 7657
9696 9457 8227 5482
9696 9457 2098 3579
9696 9457 9956 4303
2802 7420 6814 7961
2802 7420 4383 2699
2802 7420 6149 9521
2802 7420 9833 1254
2802 7420 2394 4606
6870 7568 1560 7243
6870 7568 9613 5186
6870 7568 5913 -860
6870 7568 2394 4606
-464 9226 5079 3350
-464 9226 6149 9521
-464 9226 8227 5482
1560 7243 2703 3973
1560 7243 9613 5186
1560 7243 3163 5813
1560 7243 2483 9451
1560 7243 8227 5482
2703 3973 7845 5908
2703 3973 6149 9521
2703 3973 5913 -860
9613 5186 9298 -617
9613 5186 6902 20
5079 3350 9298 -617
5079 3350 7882 8677
5079 3350 2483 9451
5079 3350 8503 8183
9298 -617 3163 5813
9298 -617 6814 7961
9298 -617 6902 20
9298 -617 9956 4303
5866 1181 -531 7657
5866 1181 4383 2699
5866 1181 6902 20
5866 1181 6149 9521
5866 1181 2483 9451
5866 1181 8566 3998
-531 7657 3163 5813
-531 7657 8566 3998
-531 7657 2394 4606
-531 7657 9956 4303
3163 5813 6814 7961
6814 7961 7882 8677
6814 7961 2394 4606
4383 2699 7882 8677
4383 2699 8503 8183
4383 2699 2098 3579
7845 5908 9833 1254
7845 5908 2394 4606
7882 8677 6902 20
7882 8677 5913 -860
7882 8677 8566 3998
6902 20 2483 9451
6902 20 9833 1254
6149 9521 2098 3579
6149 9521 6866 4147
2483 9451 5913 -860
2483 9451 6866 4147
8503 8183 9833 1254
8503 8183 8566 3998
9833 1254 9956 4303
8227 5482 2098 3579
8227 5482 9956 4303
2098 3579 5913 -860
5913 -860 8566 3998
8566 3998 6866 4147
9956 4303 6866 4147

4884 9468
4884 9468 2668 2667
4884 9468 -423 -705
4884 9468 6960 1135
4884 9468 24 9310
4884 9468 4377 -617
4884 9468 1586 8195
5844 479 2757 7921
5844 479 24 9310
5844 479 8289 -232
2757 7921 8983 8085
2757 7921 -769 389
9740 4379 6960 1135
9740 4379 4377 -617
8555 8299 -519 9239
8555 8299 3812 9189
8555 8299 1748 9407
8555 8299 -181 6191
-519 9239 3812 9189
-519 9239 8289 -232
-519 9239 6609 3348
-519 9239 1813 5076
6421 -846 555 4297
6421 -846 359 5113
6421 -846 2303 5204
6421 -846 -769 389
6421 -846 6609 3348
6421 -846 5588 938
2668 2667 9910 5155
8983 8085 3812 9189
8983 8085 9463 9385
8983 8085 9910 5155
3143 7225 2303 5204
3143 7225 8289 -232
3812 9189 9463 9385
3812 9189 8442 6277
3812 9189 8289 -232
555 4297 9463 9385
555 4297 6609 3348
-423 -705 6960 1135
-423 -705 24 9310
-423 -705 2303 5204
9463 9385 24 9310
9463 9385 1094 5389
9463 9385 -181 6191
8442 6277 4377 -617
8442 6277 -181 6191
6960 1135 -769 389
6960 1135 8289 -232
6960 1135 1748 9407
359 5113 -769 389
359 5113 9910 5155
359 5113 1748 9407
359 5113 1094 5389
24 9310 1586 8195
24 9310 1094 5389
-769 389 9910 5155
-769 389 1748 9407
4377 -617 1094 5389
4377 -617 1813 5076
6609 3348 1586 8195
9910 5155 1748 9407
1586 8195 1813 5076
5588 938 1748 9407
5588 938 1094 5389
5588 938 1813 5076
5588 938 -181 6191

4706 8837
4706 8837 2479 6612
4706 8837 9013 487
4706 8837 416 3746
4706 8837 2419 3364
4706 8837 5962 683
4706 8837 779 2981
2479 6612 -140 3608
2479 6612 9572 7076
2479 6612 779 2981
1944 4465 8309 3106
1944 4465 416 3746
8309 3106 4288 7928
8309 3106 8682 5345
4064 -201 3765 5663
2388 7816 4288 7928
2388 7816 -152 -685
2388 7816 3765 5663
2388 7816 5962 683
2388 7816 779 2981
1243 15 -603 6449
1243 15 805 8056
-603 6449 4288 7928
-603 6449 416 3746
9013 487 2549 4951
4288 7928 7154 6656
4288 7928 -152 -685
4288 7928 416 3746
3782 2564 7634 5578
3782 2564 -140 3608
3782 2564 805 8056
3782 2564 9572 7076
7634 5578 9572 7076
7634 5578 5508 7917
7634 5578 416 3746
7634 5578 3765 5663
-140 3608 805 8056
-140 3608 5962 683
805 8056 935 8509
805 8056 5962 683
8682 5345 779 2981
-152 -685 5499 2533
-152 -685 2419 3364
5508 7917 3765 5663
5508 7917 779 2981
935 8509 2549 4951
935 8509 779 2981
8779 9985 2419 3364
8779 9985 1401 2450
3765 5663 1401 2450
2419 3364 5374 3767
5962 683 5374 3767

8525 6490
8525 6490 3828 2028
8525 6490 6305 2451
8525 6490 -464 1971
8525 6490 7370 7479
8525 6490 1524 -286
8525 6490 6923 3864
3828 2028 2576 5124
3828 2028 2381 925
3828 2028 6923 3864
3828 2028 8765 2825
9054 7090 5628 4655
9054 7090 7370 7479
7253 5746 1831 2045
7253 5746 6898 9646
7253 5746 2295 5428
5628 4655 5230 4783
5628 4655 2295 5428
5822 2758 2381 925
5822 2758 -679 1496
2557 4917 2381 925
5365 9520 7000 6099
5365 9520 4375 9156
5365 9520 6668 9438
6305 2451 1524 -286
9705 4264 8765 2825
2716 2064 7370 7479
1831 2045 7000 6099
7370 7479 -198 3774
4041 8238 2295 5428
7000 6099 5211 6550
7000 6099 6668 9438
5211 6550 6898 9646
5211 6550 -679 1496
3100 8018 6898 9646
6898 9646 2295 5428
6898 9646 8765 2825

8652 5444
8652 5444 3268 5817
8652 5444 1471 8882
8652 5444 7317 1948
8652 5444 8122 7677
8652 5444 7465 5461
8652 5444 1760 6803
4156 1772 1760 6803
4156 1772 4970 7477
4156 1772 4254 8560
444 309 7317 1948
4331 9742 1471 8882
3268 5817 2701 7833
3268 5817 9155 3662
3268 5817 3597 -466
586 8111 1471 8882
1471 8882 7452 8449
1471 8882 8243 756
7452 8449 8603 281
7452 8449 -552 420
7452 8449 9880 2615
-119 1913 1760 6803
7611 1659 -953 9600
8243 756 3506 342
8603 281 6842 4003
8603 281 1760 6803
-552 420 6103 5616
2358 690 3506 342
6842 4003 -953 9600
6842 4003 4970 7477
8122 7677 6103 5616
1456 7323 4254 8560
2572 3766 9880 2615
1760 6803 3506 342

282 6560
282 6560 -764 486
282 6560 9719 1621
282 6560 7044 -592
282 6560 5062 3588
282 6560 6617 9670
-374 590 4037 2661
-374 590 1463 9008
-374 590 8031 1324
-374 590 9152 8187
-374 590 3614 9621
-374 590 8112 -233
8877 4100 -764 486
8877 4100 8582 4521
8877 4100 9952 1624
8877 4100 9152 8187
8877 4100 5405 7676
8877 4100 3958 9799
-764 486 6302 8206
-764 486 3298 7010
-764 486 5353 2634
-764 486 8112 -233
4037 2661 6738 -919
4037 2661 6302 8206
4037 2661 318 8333
4037 2661 6534 2869
4037 2661 9719 1621
6738 -919 1463 9008
6738 -919 318 8333
6738 -919 7129 1187
6738 -919 5062 3588
6738 -919 8112 -233
1463 9008 3767 4591
1463 9008 8582 4521
1463 9008 7129 1187
1463 9008 4963 702
3767 4591 6302 8206
3767 4591 -191 9583
3767 4591 4963 702
3767 4591 5062 3588
3767 4591 5405 7676
6302 8206 3614 9621
6302 8206 7044 -592
6302 8206 4963 702
3298 7010 318 8333
3298 7010 6534 2869
3298 7010 4963 702
3298 7010 5405 7676
3298 7010 3958 9799
318 8333 8582 4521
318 8333 9952 1624
318 8333 3958 9799
8582 4521 9952 1624
8582 4521 7596 -741
8582 4521 7044 -592
6534 2869 -191 9583
6534 2869 7596 -741
6534 2869 7129 1187
6534 2869 5405 7676
-191 9583 8031 1324
-191 9583 5353 2634
-191 9583 7044 -592
-191 9583 3958 9799
9952 1624 9719 1621
9952 1624 6617 9670
9952 1624 5405 7676
8031 1324 9152 8187
8031 1324 5353 2634
8031 1324 7129 1187
8031 1324 8112 -233
9719 1621 5353 2634
9719 1621 5062 3588
9719 1621 6617 9670
9152 8187 3614 9621
9152 8187 7596 -741
9152 8187 3238 351
3614 9621 7044 -592
3614 9621 8112 -233
3614 9621 3958 9799
5353 2634 5062 3588
5353 2634 6617 9670
7596 -741 4963 702
7596 -741 5405 7676
7596 -741 3238 351
7044 -592 7129 1187
7129 1187 3238 351
4963 702 6617 9670
6617 9670 3238 351
8112 -233 3238 351
3958 9799 3238 351

685 391
685 391 8356 8195
685 391 1434 816
1495 -977 6012 -467
1495 -977 -294 1867
9503 8799 -670 7576
9503 8799 1434 816
-86 9462 2829 3058
-86 9462 -294 1867
-86 9462 1157 9262
-86 9462 1051 2151
8246 7392 -670 7576
8246 7392 5251 1259
-670 7576 8356 8195
-670 7576 1157 9262
-670 7576 1051 2151
4242 7358 817 8237
817 8237 1325 5193
817 8237 1051 2151
5251 1259 5008 -154
5251 1259 9252 7687
5251 1259 3069 931
8333 6463 1434 816
6053 -956 5008 -154
6053 -956 7488 7458
6053 -956 9252 7687
-294 1867 3069 931
7658 4433 1051 2151
7658 4433 8559 3035
2755 5688 1434 816
5008 -154 8356 8195
4010 6577 -825 -317
8857 3144 1434 816
-825 -317 1157 9262
1157 9262 682 4606

2695 3321
2695 3321 4762 603
2695 3321 1968 3644
2695 3321 328 9841
2695 3321 937 -965
2695 3321 4618 7698
2695 3321 4807 7284
985 4419 4762 603
985 4419 7936 3152
4762 603 9114 927
4762 603 3631 1975
4762 603 1317 4499
4762 603 9577 1353
9114 927 -482 6466
9114 927 9284 9474
7515 5339 3631 1975
7515 5339 4496 7060
7515 5339 3329 4634
319 6592 1444 2647
319 6592 4807 7284
1968 3644 3030 3564
1968 3644 1943 132
650 875 2604 2196
650 875 2561 2709
1444 2647 1317 4499
1444 2647 6701 6088
328 9841 2555 9878
3631 1975 2104 2413
3631 1975 937 -965
3631 1975 4496 7060
3631 1975 4807 7284
2604 2196 1317 4499
7284 5760 1317 4499
7284 5760 3030 3564
7284 5760 1943 132
7284 5760 4807 7284
1317 4499 2104 2413
2104 2413 9284 9474
2104 2413 6701 6088
937 -965 3030 3564
-482 6466 2561 2709
4496 7060 4618 7698
4496 7060 3030 3564
4496 7060 4807 7284
9284 9474 4618 7698
9577 1353 3030 3564
9577 1353 2866 5889
9577 1353 6701 6088
4618 7698 2555 9878
2866 5889 2555 9878
1943 132 6701 6088
6701 6088 4807 7284

6509 -625
6509 -625 26 -361
6509 -625 1629 9347
6509 -625 6555 4085
6509 -625 1693 7171
6509 -625 9824 2130
6509 -625 1567 7511
6672 -601 26 -361
2442 5702 687 4222
2442 5702 849 9854
2442 5702 6042 3388
2442 5702 1629 9347
2442 5702 1693 7171
8594 8508 7101 1900
8594 8508 3602 9325
3122 8643 5132 5067
3122 8643 7101 1900
3122 8643 3602 9325
3122 8643 4646 7209
3122 8643 1621 2245
3122 8643 1693 7171
1061 1431 3921 1453
1061 1431 6555 4085
1061 1431 9824 2130
6489 8535 26 -361
6489 8535 3602 9325
6489 8535 3203 5443
5132 5067 3203 5443
5132 5067 7979 6394
5552 7525 3602 9325
5552 7525 4646 7209
3921 1453 26 -361
3921 1453 6555 4085
687 4222 6042 3388
687 4222 3602 9325
687 4222 1629 9347
687 4222 1693 7171
2625 5042 7979 6394
26 -361 2445 7897
26 -361 7979 6394
6374 -194 1629 9347
6374 -194 9824 2130
849 9854 9824 2130
849 9854 2445 7897
7101 1900 3203 5443
7101 1900 1567 7511
3602 9325 7979 6394
1629 9347 4646 7209
1629 9347 8403 6215
4646 7209 2511 6691
4646 7209 7979 6394
6555 4085 1621 2245
6555 4085 3203 5443
1621 2245 1567 7511
3203 5443 9824 2130
2511 6691 9824 2130
2511 6691 7979 6394

8782 2907
8782 2907 4471 3449
8782 2907 8554 1567
8782 2907 6126 648
8782 2907 -412 6329
8782 2907 1760 8696
8782 2907 7026 776
4471 3449 6126 648
4471 3449 764 185
4471 3449 8855 1745
4471 3449 1149 1943
4471 3449 5338 641
8554 1567 -767 3300
8554 1567 5937 957
8554 1567 -686 4440
8554 1567 1734 1196
8554 1567 8909 1250
1754 963 6126 648
1754 963 7099 1527
1754 963 5605 -861
1754 963 -833 -746
1754 963 1987 8500
-767 3300 7099 1527
-767 3300 1734 1196
6126 648 5605 -861
6126 648 4982 429
6126 648 4189 1874
7099 1527 9880 5179
7099 1527 764 185
7099 1527 7346 -243
-412 6329 764 185
-412 6329 6236 9583
-412 6329 2093 4008
-412 6329 4189 1874
-412 6329 7026 776
9880 5179 6236 9583
9880 5179 1760 8696
9880 5179 4189 1874
9880 5179 7026 776
9880 5179 4337 6239
764 185 5937 957
764 185 8855 1745
764 185 7658 6394
5937 957 5605 -861
5937 957 -686 4440
5937 957 5338 641
5937 957 4337 6239
6236 9583 1734 1196
6236 9583 1760 8696
6236 9583 7346 -243
6236 9583 4337 6239
2093 4008 -686 4440
2093 4008 8909 1250
2093 4008 4982 429
2093 4008 5338 641
2093 4008 7026 776
5605 -861 -686 4440
5605 -861 1149 1943
5605 -861 4982 429
8855 1745 -833 -746
8855 1745 1987 8500
8855 1745 7658 6394
8855 1745 7026 776
-686 4440 4504 9960
-686 4440 5338 641
1734 1196 1149 1943
1734 1196 1987 8500
1734 1196 7658 6394
-833 -746 1149 1943
-833 -746 8909 1250
-833 -746 4189 1874
-833 -746 7346 -243
4504 9960 7658 6394
4504 9960 1760 8696
4504 9960 4189 1874
4504 9960 7346 -243
4504 9960 4337 6239
1149 1943 5338 641
1149 1943 7658 6394
8909 1250 4982 429
8909 1250 7026 776
8909 1250 7346 -243
1987 8500 4982 429
1987 8500 4337 6239
4982 429 4337 6239
5338 641 1760 8696
7658 6394 1760 8696
4189 1874 7346 -243

9763 1557
9763 1557 242 7340
9763 1557 5471 -660
9763 1557 8082 9724
9763 1557 8147 7234
9763 1557 4893 5761
9763 1557 6878 9355
242 7340 9813 3716
242 7340 7749 2776
242 7340 2055 9677
242 7340 8147 7234
242 7340 126 4608
7914 4419 2055 9677
7914 4419 3055 -965
7914 4419 8625 3892
7914 4419 4893 5761
7914 4419 126 4608
6493 4995 4756 7574
5118 6321 2055 9677
5118 6321 -437 4871
5118 6321 6998 2696
5118 6321 9477 4014
5118 6321 9460 2805
5118 6321 -630 4059
9813 3716 310 7435
9813 3716 5985 7692
9813 3716 6998 2696
9813 3716 6878 9355
8298 9952 2055 9677
8298 9952 8147 7234
8298 9952 9477 4014
8298 9952 126 4608
4433 7182 4756 7574
4433 7182 -437 4871
4433 7182 9937 7861
7749 2776 5985 7692
7749 2776 6998 2696
7749 2776 9477 4014
2055 9677 4756 7574
2055 9677 4139 7329
6533 2942 5471 -660
6533 2942 8082 9724
6533 2942 4756 7574
6533 2942 8147 7234
6533 2942 9937 7861
6533 2942 126 4608
310 7435 4139 7329
310 7435 -437 4871
310 7435 8625 3892
310 7435 6998 2696
310 7435 6878 9355
5985 7692 8082 9724
5985 7692 6878 9355
5985 7692 24 1864
5985 7692 9460 2805
5471 -660 9477 4014
8082 9724 126 4608
8082 9724 -630 4059
4756 7574 4893 5761
4756 7574 9937 7861
8147 7234 9460 2805
8147 7234 -630 4059
4139 7329 -437 4871
4139 7329 6878 9355
4139 7329 24 1864
-437 4871 6878 9355
-437 4871 24 1864
3055 -965 4893 5761
3055 -965 24 1864
8625 3892 4893 5761
8625 3892 9460 2805
6998 2696 9937 7861
6998 2696 24 1864
4893 5761 9477 4014
9477 4014 9937 7861
9937 7861 9460 2805
24 1864 126 4608

-987 9877
-987 9877 8957 8437
-987 9877 70 3841
-987 9877 4033 -607
-987 9877 5914 774
-987 9877 4591 6993
-987 9877 1191 -368
7993 9893 5914 774
7993 9893 4591 6993
7993 9893 3108 4284
7993 9893 1183 8837
5314 1015 1219 5018
5314 1015 4591 6993
5314 1015 1264 1562
-584 8369 1264 1562
-584 8369 8481 2682
6053 5076 2332 712
6053 5076 3238 2279
6053 5076 3075 7732
300 4631 2332 712
300 4631 8957 8437
300 4631 6755 7910
300 4631 4591 6993
300 4631 3108 4284
2332 712 8531 5925
2332 712 5914 774
2332 712 1183 8837
8957 8437 1364 108
8957 8437 1264 1562
70 3841 6421 6797
70 3841 6755 7910
4033 -607 9511 -827
4033 -607 3108 4284
1219 5018 6421 6797
1219 5018 5914 774
1219 5018 1191 -368
6569 8245 9511 -827
6569 8245 3108 4284
6569 8245 -995 9656
8531 5925 3075 7732
3238 2279 5914 774
3238 2279 8481 2682
9511 -827 5914 774
6421 6797 1183 8837
3075 7732 1264 1562
5666 6540 1183 8837
5666 6540 9246 -224
4591 6993 -995 9656
3108 4284 -995 9656
3108 4284 9246 -224
3390 -185 -995 9656
1183 8837 1191 -368

4372 -237
4372 -237 -169 8229
4372 -237 4321 5222
4372 -237 6607 4236
4372 -237 5945 -193
4372 -237 8155 8443
1547 8290 8155 8443
-169 8229 2998 4671
7484 8113 8921 6123
7484 8113 6161 162
7484 8113 7728 9385
4321 5222 315 1748
4321 5222 5380 6698
4321 5222 -910 2183
4321 5222 1035 -712
8921 6123 5380 6698
8921 6123 778 4142
8921 6123 -910 2183
8921 6123 1630 -593
4047 4725 3877 7898
4047 4725 8155 8443
1831 7611 6607 4236
1831 7611 3717 6955
1831 7611 8435 1301
6607 4236 6161 162
6607 4236 -36 4223
6161 162 4538 755
6161 162 7728 9385
6161 162 1630 -593
3877 7898 4538 755
4538 755 7728 9385
315 1748 1035 -712
3717 6955 2566 8733
3717 6955 1630 -593
7728 9385 9688 4401
8435 1301 1630 -593
5380 6698 4824 8939
4310 3015 5945 -193
4310 3015 -910 2183
8350 1110 1630 -593
8350 1110 1035 -712
2566 8733 4824 8939

5172 884
5172 884 7208 3431
5172 884 7853 9405
5172 884 2212 6682
5172 884 6649 3100
5172 884 4927 707
7208 3431 2212 6682
7208 3431 6502 3056
7208 3431 1120 9313
7853 9405 4455 7933
7853 9405 4927 707
7853 9405 4062 9796
7853 9405 7295 2119
7853 9405 5755 6448
3292 6370 8739 6081
3292 6370 -413 1211
3292 6370 1120 9313
3292 6370 5755 6448
3292 6370 8686 6058
4455 7933 1358 5259
4455 7933 4927 707
4455 7933 -379 6771
4455 7933 5328 5501
4455 7933 8686 6058
791 2686 6849 9800
791 2686 2212 6682
791 2686 4062 9796
791 2686 1874 8800
791 2686 5796 1591
791 2686 8686 6058
6849 9800 6649 3100
6849 9800 1358 5259
6849 9800 5083 120
6849 9800 8739 6081
6849 9800 7371 -91
2212 6682 -863 7962
2212 6682 4636 3261
6649 3100 4951 -711
6649 3100 5755 6448
6649 3100 1874 8800
6649 3100 9204 6338
1358 5259 5083 120
1358 5259 4062 9796
1358 5259 5796 1591
5083 120 -413 1211
5083 120 5328 5501
5083 120 1120 9313
5083 120 4636 3261
4927 707 1736 5683
4927 707 4951 -711
4927 707 9204 6338
4062 9796 -379 6771
4062 9796 7295 2119
4062 9796 1120 9313
8739 6081 5328 5501
8739 6081 7295 2119
8739 6081 4951 -711
8739 6081 7371 -91
-413 1211 -379 6771
-413 1211 5328 5501
-413 1211 6502 3056
-413 1211 1874 8800
-379 6771 1120 9313
-379 6771 1874 8800
5328 5501 6502 3056
5328 5501 5755 6448
7295 2119 6502 3056
-863 7962 7371 -91
1736 5683 5755 6448
1736 5683 9204 6338
6502 3056 5796 1591
6502 3056 8686 6058
4951 -711 1120 9313
4951 -711 4636 3261
5755 6448 1874 8800
1874 8800 5796 1591
5796 1591 8686 6058

7794 9770
7794 9770 710 225
7794 9770 9963 7166
7794 9770 5801 1515
7794 9770 4281 4580
7794 9770 3475 3449
954 6292 8003 4108
1142 6199 9712 2146
1142 6199 5888 4474
-342 9440 377 6800
916 5758 9712 2146
916 5758 5888 4474
755 6465 747 7497
755 6465 3475 3449
2876 7211 1822 3442
2876 7211 5888 4474
2876 7211 3475 3449
7931 8444 9963 7166
9712 2146 103 6201
103 6201 1750 1820
103 6201 5648 -413
103 6201 8003 4108
103 6201 3475 3449
1041 -424 8003 4108
1041 -424 3475 3449
1041 -424 3973 9831
710 225 4157 -847
9963 7166 863 2572
9963 7166 8365 3058
4364 1954 8003 4108
4364 1954 747 7497
5801 1515 9931 344
4281 4580 5917 307
377 6800 3475 3449
