391.44178
207.35598
78
3893.45356
7880.49658
3893.45356
7924.83958
8485.82993
7924.83958
6754.78741
7924.83958
6754.78741
3203.88704
7766.48095
8326.00045
2219.45402
1877.62831
2219.45402
7181.89387
696.48563
4858.06810
3599.14508
4858.06810
3599.14508
7627.25467
3599.14508
98.10541
8867.80824
98.10541
8867.80824
2578.48821
975.52849
1053.10341
975.52849
9131.64418
9991.56587
9131.64418
2054.62647
2153.89540
7413.18407
514.22197
9335.17865
514.22197
7067.97394
3760.69238
939.62293
5357.55298
939.62293
351.24170
8856.30062
6269.64821
8856.30062
2470.04884
9132.08303
3199.22063
9132.08303
2401.64711
9132.08303
7911.99360
9132.08303
9711.85175
5237.01684
58.17156
7076.97113
8312.79667
7076.97113
1383.08801
7076.97113
5449.19763
4809.64416
872.49591
5791.64828
9683.44886
359.28314
9858.32979
359.28314
6671.97329
8089.68067
8260.19868
6342.71029
8260.19868
6342.71029
8253.49790
6342.71029
2208.09333
522.24285
9853.35255
5800.05841
9481.85228
3900.01248
9481.85228
3383.50852
9481.85228
3383.50852
6184.56150
3383.50852
7679.26230
3383.50852
3021.96128
5982.59257
3021.96128
5982.59257
6678.06516
4278.91026
7661.58231
1243.33602
7319.16139
8013.90170
7267.73535
3396.97537
7267.73535
6795.17476
1893.34093
4924.56961
1893.34093
4924.56961
7988.23688
9178.34459
422.61779
9178.34459
7794.93412
7144.43160
9812.75242
7144.43160
7288.89106
7144.43160
2637.55427
6325.98643
5503.33102
6325.98643
5925.94881
1026.07983
5925.94881
6706.51386
5925.94881
1198.79192
4839.84650
2573.31587
3620.10576
2656.13253
4262.85108
8394.47386
7543.77481
1878.11722
7543.77481
9460.89478
7543.77481
5022.62979
7543.77481
3005.40775
7543.77481
747.28188
7543.77481
7793.93012
2902.39138
288.96498
4121.04884
2195.74060
1656.79890
2195.74060
8667.64912
869.34584
417.03996
48
4376.14743
6736.00716
881.93728
3783.49219
423.62069
4544.66954
423.62069
4748.37257
423.62069
6636.53106
632.21654
1727.34742
632.21654
6226.21975
632.21654
5759.39313
7734.75614
4688.20093
8407.20398
2016.40785
537.76936
9995.51856
8001.31153
9095.27519
1071.17613
6830.73278
9364.91012
6830.73278
2053.25087
6812.45486
2053.25087
5717.95911
2053.25087
5713.47767
2053.25087
5273.35881
2053.25087
9496.43415
2053.25087
2525.62779
2053.25087
5575.62156
8968.40797
4148.59772
9866.72035
1931.19802
1997.31427
1159.70571
7744.43680
1159.90067
291.60171
2218.22327
291.60171
9890.91796
291.60171
8133.49945
3224.21943
549.79454
3224.21943
8976.98358
6815.75001
4878.27219
1899.94331
2422.34221
2716.59462
5046.03947
3530.93524
9793.64073
3530.93524
792.49416
1375.32583
8481.07461
1562.85713
2292.08135
1562.85713
1170.50851
1562.85713
2249.23384
3260.27329
7333.91917
3260.27329
7189.86552
9772.74403
7234.73121
9299.98874
7434.58848
4637.78285
6887.18022
5370.51282
7295.64968
5849.66389
1546.49930
5849.66389
524.73288
3992.82587
6104.00021
9386.01011
6104.00021
731.87898
709.30624
68
344.87846
6916.25312
344.87846
663.57983
344.87846
6159.97326
151.79913
2608.96287
8346.97298
2608.96287
1548.74815
2608.96287
1511.20252
3175.89942
1228.98827
3175.89942
6163.23499
6354.69658
2521.06162
9889.28770
7307.97116
9412.82546
579.14951
9412.82546
5203.16634
5145.33835
324.98052
5145.33835
1552.34361
5145.33835
1552.34361
7183.77956
1552.34361
3014.01615
1028.38509
3014.01615
9812.32074
1368.48708
9812.32074
9542.80596
9812.32074
7928.09710
9812.32074
3952.65929
1920.21892
2948.76753
7259.62918
7309.84286
5329.47151
6194.66693
5329.47151
1806.73356
5329.47151
2136.99352
9656.36156
2136.99352
9656.36156
1154.68805
4072.10131
8358.16517
1862.05446
4907.91324
6687.12053
43.42493
6687.12053
1755.48877
6687.12053
560.74432
5048.88505
3198.03215
6676.81429
3198.03215
6676.81429
9376.63555
6676.81429
1518.35121
3273.83998
6605.07276
3518.81708
4918.70213
3518.81708
8116.89781
3518.81708
7547.47958
3275.27865
2694.50266
3275.27865
4212.85387
9385.79349
6661.09064
4721.17807
1287.48411
1068.17395
2278.13852
6178.78162
9453.22380
2148.72646
2712.58033
6550.43770
3346.36783
3659.11504
5243.72791
1296.23859
4845.46138
8593.98668
5787.78121
9328.06621
3899.49334
4678.32236
4806.85582
6703.45594
4806.85582
6703.45594
837.13544
7404.76383
9894.12097
8562.42326
9894.12097
8562.42326
2893.09995
8884.34673
8646.55832
1542.82535
5943.48941
9488.03463
3244.79846
9490.08296
4404.50622
7439.78260
3448.31153
7439.78260
2723.28684
7439.78260
2237.70226
2522.66286
2237.70226
2522.66286
5947.79947
96.74243
393.95500
17
9607.69291
9478.07564
6983.51868
9478.07564
6983.51868
2007.02843
9351.32892
5637.68887
1738.08368
4038.88316
1738.08368
8281.46061
5668.09717
9584.52457
7804.50341
9584.52457
7804.50341
143.62731
3035.30241
8274.46113
2995.43591
7663.88517
3724.45295
7663.88517
5013.32644
3822.01308
5013.32644
1463.17442
5013.32644
993.26767
5620.89232
8615.49176
6278.54045
2.99341
5747.70706
1077.10880
618.40563
396.57316
51
2859.91110
2900.20817
3461.18162
2373.53782
429.68749
2373.53782
5027.55913
1382.55254
5027.55913
4558.53192
1473.70940
4558.53192
3799.81334
4558.53192
5322.19238
2429.57963
8768.48392
4284.63707
197.69021
1803.28001
197.69021
3659.89845
197.69021
4600.80068
7754.01647
4600.80068
885.81203
4600.80068
468.80626
4835.51262
4230.77811
4835.51262
5966.20674
6433.77612
6444.83809
6433.77612
229.89649
4336.91296
3764.12181
5622.07381
3764.12181
3862.58273
8025.67298
3991.87972
424.81936
6868.82097
424.81936
2765.36662
424.81936
3337.06779
2401.62413
1353.29738
5215.88011
1353.29738
5309.10171
1353.29738
4807.74007
228.17227
5780.67844
228.17227
6961.71711
6650.78490
8114.67243
8174.18596
8016.83811
9168.73403
5691.63338
498.53697
726.70925
2858.55121
726.70925
375.11437
8294.09552
8626.84078
8294.09552
3130.57614
9226.63305
3130.57614
3803.44419
3130.57614
1696.61330
3169.62752
1604.19534
3042.71158
8946.73673
3042.71158
1137.38978
8765.28461
6148.77687
6869.78994
6148.77687
2984.67986
6154.30738
4110.66624
6154.30738
2450.27808
5474.55297
6945.04062
6030.80210
6945.04062
6030.80210
3432.72278
2582.57098
568.00617
563.77658
771.37025
83
4287.50530
2065.13107
6225.28561
2065.13107
2993.31752
2239.24134
5523.15258
2239.24134
2577.53004
9675.87061
2577.53004
7415.53354
1702.03884
1161.83216
1702.03884
9067.06127
7658.46613
3182.61872
984.84449
3182.61872
984.84449
476.20551
6879.36338
233.48288
469.42303
233.48288
2543.16176
233.48288
1595.74189
5606.20802
8788.99026
5606.20802
8788.99026
9827.16887
3790.05220
9827.16887
7910.88310
6198.57251
8501.77353
7397.09881
8501.77353
4408.37829
8501.77353
8575.28898
4699.28726
4895.09029
4699.28726
4377.71115
4699.28726
5429.38424
9178.48306
9938.02487
9178.48306
2147.64497
2634.75548
2713.90443
2634.75548
230.26910
2634.75548
7639.20735
1806.50547
230.09589
4888.70808
230.09589
8393.03228
230.09589
5376.14146
4362.89694
5376.14146
3657.39751
1130.77391
3102.48310
1.84659
5942.46539
6751.74709
1496.77937
3697.49665
8606.34028
8595.57455
5399.51113
1823.18595
8981.28049
1823.18595
4298.04402
345.69850
3448.44559
4944.22497
3448.44559
2162.59863
3448.44559
7516.38547
3448.44559
3946.31111
5769.49706
3946.31111
5401.82158
3946.31111
5246.88855
3946.31111
3599.64766
8593.53280
2192.75823
8593.53280
739.72173
3284.94579
9342.76826
3450.81374
1961.92881
7168.74238
1961.92881
6507.03110
7625.97688
6507.03110
9433.94086
1606.80407
1242.91338
584.84517
387.65891
8700.58772
5868.49362
5340.82222
5868.49362
6199.86031
5868.49362
8160.05693
2247.82994
9006.37684
6697.81886
9006.37684
1214.30351
9006.37684
572.00334
9454.82027
4149.96791
181.42275
4149.96791
181.42275
7969.09065
9913.12299
2004.65348
9913.12299
6797.90019
1263.68600
1597.96543
1263.68600
3624.23061
1263.68600
1952.80174
7369.63467
3635.92118
7369.63467
1991.73818
7369.63467
6751.67277
5351.16270
6751.67277
7420.59008
2720.62127
4553.91170
1080.84534
899.25213
3017.50892
899.25213
3187.76160
899.25213
2295.10420
4917.95804
2338.54812
279.55058
291.37716
64
4462.19458
7044.25348
4462.19458
7943.50562
4462.19458
3966.79221
5336.95856
3966.79221
6276.28165
2080.61136
6276.28165
6536.35836
6276.28165
9050.30216
6276.28165
3770.62995
7737.42216
3073.54424
7057.77053
9607.95485
7057.77053
3496.91618
8462.55320
3496.91618
8462.55320
3983.90035
7753.53030
1842.95246
1268.66023
1842.95246
3076.43157
8561.83137
3643.04884
5261.78819
581.08048
1304.83846
1639.73881
5744.43263
7587.38510
5744.43263
4533.70844
5744.43263
4533.70844
4001.40521
8356.26166
6039.57779
2185.28361
6039.57779
6017.05440
7656.95674
6017.05440
7339.93799
2546.14684
7339.93799
8645.79442
1168.09285
8645.79442
1465.24853
6178.46447
2195.68239
9851.63913
3252.19203
9851.63913
9490.27687
8273.22684
3929.20204
8273.22684
4344.25356
9285.51534
6678.53730
3567.63581
6678.53730
3185.47324
129.60326
3185.47324
4244.43402
8173.63606
4244.43402
8173.63606
7497.53707
8173.63606
140.65478
7995.59046
6116.63733
3440.67607
119.32561
836.40388
119.32561
6882.16105
1329.24923
1388.64438
1912.03238
1388.64438
6400.44114
1388.64438
5957.08158
2428.40719
3264.97459
3855.00694
3264.97459
2023.15763
3264.97459
6553.84293
6143.19579
1211.92983
5326.17142
5877.46186
4036.49299
5877.46186
8567.14482
5613.05322
7636.21085
5613.05322
9077.50133
5613.05322
5510.51344
3022.68058
5252.30596
3022.68058
395.52348
5314.66830
927.72152
5314.66830
2316.59931
7745.10064
9607.77761
7950.07135
4347.22387
2050.48027
4347.22387
543.08423
172.69092
89
4355.19198
7369.76507
2285.02449
7369.76507
2380.98117
8797.37475
2910.11397
45.69729
8785.42306
6812.27483
1587.48655
1677.53010
9046.45870
7683.64671
8636.43403
3687.32200
8346.31462
3687.32200
8346.31462
293.30935
3457.58418
5045.23426
3457.58418
6722.92788
3457.58418
9681.67837
3085.21513
9681.67837
2663.36825
5211.84132
2663.36825
1127.14368
5898.74594
1127.14368
4518.32829
6986.71301
1969.47456
6159.42248
7672.90727
335.27552
1898.11684
2090.26431
9570.40799
5468.31745
9570.40799
5960.99602
9570.40799
9435.31572
9570.40799
1755.40332
2090.84236
341.12272
2090.84236
8353.95854
173.27600
7669.23864
173.27600
3630.39818
1390.64113
5473.13718
3580.70403
5671.54639
2364.83264
1147.38319
9501.34174
9674.78126
9501.34174
7326.58160
9501.34174
2401.97728
3244.51309
9855.73332
6862.45696
9855.73332
6862.45696
6843.81659
2185.36409
6663.41889
5005.76927
6663.41889
5073.06488
3684.68889
6014.38485
3684.68889
6014.38485
8341.04142
6014.38485
9386.66526
2082.98711
9386.66526
2082.98711
6732.47577
6250.49002
8023.39039
6250.49002
4687.96503
6250.49002
5020.06544
6250.49002
9193.88134
6350.29861
2279.16593
4304.39196
2818.43571
222.11096
2463.25784
9397.60966
1534.62338
7783.33097
6384.72290
7783.33097
6347.93623
9231.17928
6347.93623
746.42890
7320.70339
746.42890
1884.73441
3419.52131
1884.73441
3419.52131
5228.33475
3419.52131
7144.71331
3419.52131
6910.26766
3419.52131
5477.67537
8905.40025
5477.67537
8905.40025
5328.50448
8905.40025
3173.25899
8905.40025
2184.49953
5446.93071
2184.49953
5446.93071
3288.74259
308.23263
5184.87133
308.23263
3501.55537
1881.43676
3501.55537
6849.21878
7706.62993
6242.29298
8040.38721
569.12010
4927.52836
8190.50039
1676.49151
7213.33592
1676.49151
7268.80933
470.02812
7268.80933
771.27807
5163.66528
5733.78538
5163.66528
5203.97765
3231.46917
6796.96861
8594.74130
6796.96861
952.89660
6796.96861
1817.02600
5976.25678
2504.07450
7395.54880
5121.54628
9239.01880
2508.90136
9369.79698
2508.90136
803.39854
211.62636
23.56812
39
3999.98842
9358.42856
9210.20251
9358.42856
5372.32152
9358.42856
384.75201
9358.42856
9999.02841
9358.42856
9999.02841
2692.86765
6620.78499
995.35311
4995.50505
7851.56797
4454.50673
6178.82826
4454.50673
7142.49562
6435.20174
7142.49562
6435.20174
559.18699
9058.27535
559.18699
7962.75086
559.18699
7962.75086
3743.25050
9921.24228
3743.25050
9921.24228
3791.13317
9844.30187
3791.13317
9038.69355
3791.13317
8451.82084
8542.49158
8451.82084
5621.41115
9364.66165
5621.41115
9364.66165
537.91413
7115.57609
537.91413
7115.57609
3724.25012
9101.77209
3724.25012
9101.77209
2083.01083
7704.58550
2083.01083
4715.14794
2083.01083
9241.10815
7006.70249
4615.76222
7006.70249
4615.76222
1234.57275
4484.82980
6588.33677
8671.34760
6588.33677
9662.62384
4377.77178
2191.02772
4377.77178
9778.82622
4377.77178
9778.82622
2783.60854
9778.82622
9589.41927
9076.26950
7972.09678
310.30356
827.98687
87
7385.97230
6659.39759
7385.97230
6437.38733
3930.92766
3066.53621
2537.48960
8479.07239
2537.48960
5527.60220
2236.86047
6123.29784
9134.85895
1923.24629
5459.54911
1923.24629
5459.54911
6867.11837
5459.54911
9253.69618
1133.46190
9721.48589
1133.46190
1330.64269
9605.05250
5064.60161
3144.54491
4372.61358
1311.93056
7497.68661
1226.39794
7497.68661
1226.39794
1711.85265
9393.65886
1711.85265
1136.28283
1711.85265
1136.28283
4282.63560
4284.63498
4282.63560
2906.40015
4282.63560
2906.40015
2128.70672
3832.83582
2128.70672
1645.02587
7391.68473
2742.55961
6805.03610
6717.05751
1002.85601
2950.58508
2395.16428
2950.58508
3252.30428
9071.12074
6179.45817
9071.12074
1180.08559
9071.12074
8434.82637
9071.12074
2386.43099
9071.12074
4201.90021
9071.12074
2876.48876
5408.11045
6588.19604
7405.91320
2141.06106
6659.15542
2141.06106
7928.04069
2141.06106
9948.64318
6321.28189
9948.64318
3123.21963
9948.64318
1806.80997
5013.18402
8754.30544
1485.13555
8807.28388
9228.25064
9176.89382
5498.33923
4973.55886
5498.33923
3325.20465
5498.33923
8623.38161
6564.64747
7108.13878
6564.64747
9051.61155
6564.64747
9849.69507
3772.53262
6010.16018
6475.73183
1450.11344
5086.67908
3829.71368
5086.67908
5796.33787
6764.04255
3261.64104
1607.74229
3261.64104
239.79141
3067.68676
4517.96372
3067.68676
4281.03271
2001.85689
6737.46659
525.68785
1132.92786
1588.86294
5817.49416
1588.86294
5817.49416
3585.63174
5817.49416
591.01177
5817.49416
5682.33525
6207.18662
3691.11448
5279.14094
7449.63511
5279.14094
1686.22006
5279.14094
6685.22555
5123.81499
6685.22555
5123.81499
3533.59141
4155.96573
3533.59141
783.95063
3533.59141
783.95063
8722.24334
783.95063
4791.94656
783.95063
7828.33563
783.95063
4948.75054
1040.69209
4948.75054
7517.44203
3568.28579
5833.40860
3568.28579
5833.40860
3609.51376
5833.40860
5454.22157
1367.85217
5454.22157
5712.97537
5454.22157
8361.69500
600.29420
5351.05254
5176.21773
5409.84633
6786.58500
878.75991
283.95685
0
7480.97052
9717.37625
826.41781
514.51809
13
9876.37661
4248.10476
2514.02180
7993.07356
402.19118
7993.07356
5904.69947
7993.07356
2230.48687
7993.07356
2091.88816
7993.07356
597.11553
1510.11429
5758.38258
4624.40438
2618.64146
4624.40438
3264.84474
5520.70773
119.23003
2866.29065
8034.89104
8631.17009
141.28439
2251.83049
6876.39839
2251.83049
846.03985
539.55218
2
5013.53713
9122.05786
5013.53713
4812.90558
2847.96014
1478.13024
657.37972
815.37077
23
864.52023
3451.80703
864.52023
867.04642
864.52023
933.90117
864.52023
5711.15072
864.52023
7997.82708
864.52023
1540.99442
2404.67817
9459.13704
2404.67817
1494.57922
2404.67817
7963.11501
2404.67817
4907.98824
9256.81532
2981.60249
9256.81532
4521.59691
9256.81532
7564.66796
7695.82513
5617.59163
3470.34661
6395.47106
3470.34661
3263.43815
3470.34661
6245.04065
3470.34661
3969.53872
3470.34661
5580.19533
1198.95048
1020.29709
3768.93168
1020.29709
5451.02119
1020.29709
5451.02119
4424.90754
6350.27502
4424.90754
223.03338
646.23595
67
7227.59481
7029.94777
693.55797
6131.45917
693.55797
2950.13692
4731.48476
4718.68160
5472.67952
4718.68160
5472.67952
8065.80369
5472.67952
3445.07513
7975.48206
3445.07513
690.46134
9992.59827
690.46134
8081.75628
5525.07453
8081.75628
5525.07453
5796.65660
6280.98950
5796.65660
3370.14129
3587.49047
3370.14129
5900.88315
3370.14129
8791.90962
2596.18845
9375.54794
1524.36806
9375.54794
1524.36806
2108.97333
1462.15359
6861.23457
1462.15359
5604.98350
2987.65937
301.55401
9146.44184
3940.61711
9146.44184
9207.92928
4685.04390
103.97604
1594.84893
8985.60498
1594.84893
1588.30138
1594.84893
9881.79284
1594.84893
9577.38063
1594.84893
234.67615
976.32385
234.67615
976.32385
613.84969
3954.90324
9846.90161
1434.36651
9846.90161
2287.14749
9846.90161
9164.90072
9846.90161
980.87126
8595.90398
7332.53773
7946.38742
8336.89049
7946.38742
8895.64684
329.01335
7997.33623
5919.81839
7997.33623
3324.06562
8271.96960
5603.67086
9901.05828
8237.11229
1442.60124
8237.11229
454.89827
8237.11229
9802.55745
8237.11229
9802.55745
6544.29419
9802.55745
7366.44599
9321.11685
7366.44599
3866.66384
5095.73839
1572.62331
5095.73839
8510.42944
5095.73839
8690.40256
1586.86027
8103.15122
7649.68840
3314.04514
415.00089
3152.33901
415.00089
3152.33901
5508.08192
3152.33901
9751.22496
3152.33901
8739.39832
214.58502
5406.21771
9920.13077
5406.21771
8250.29252
5406.21771
8250.29252
4622.86464
8806.10101
4622.86464
2429.41151
6342.79891
2429.41151
4711.50105
5511.16562
4711.50105
784.29640
513.58145
42
8117.68408
1816.87065
1230.61687
1816.87065
6845.19801
4500.68582
7309.61276
3599.95987
4742.46716
1305.39482
7297.68347
1305.39482
6465.22410
9882.29294
7921.38993
9882.29294
5146.71916
3728.17777
5146.71916
5005.43529
5738.07622
3459.95279
5738.07622
9315.28928
3171.31059
9230.60941
6519.85214
9230.60941
6333.98218
8304.41946
6333.98218
7584.63303
648.91744
7584.63303
5203.76069
870.04997
4188.68168
6268.07398
3994.30269
7065.36699
3994.30269
9934.27521
3237.99879
237.91623
7650.16826
237.91623
7696.40011
237.91623
7696.40011
8281.03726
8550.82844
8281.03726
4647.76255
8402.16189
4647.76255
6094.35779
2368.14726
6371.31552
7681.35601
4542.10189
4365.61046
4542.10189
2248.05936
4542.10189
3890.81936
3241.86690
6465.29136
3217.33386
6465.29136
7943.12933
1142.96921
5715.11464
4820.52181
2206.96625
4494.40266
2206.96625
8554.13037
2206.96625
5055.38091
9203.17660
5055.38091
5720.11955
5055.38091
4155.60898
6614.29698
4155.60898
434.98231
39.43640
9
8380.38134
1475.41942
6381.54979
1475.41942
6386.55291
1942.72951
4014.01259
8975.71766
4014.01259
7209.20075
2726.47884
7117.07876
5498.46010
3792.48881
5498.46010
1510.21373
3452.10677
3818.11936
2793.83702
3818.11936
354.20129
704.89613
55
8588.77456
9973.66464
8588.77456
5615.94060
7090.60142
5615.94060
1516.94182
8545.89663
1516.94182
6887.08336
1516.94182
9872.93981
1516.94182
8020.05624
9987.16037
8020.05624
6179.11918
4047.06100
8944.95763
5777.69844
2665.94532
9682.29925
5906.23906
9682.29925
7055.79642
9682.29925
7032.16464
1068.99894
7032.16464
9086.85063
4849.10425
9086.85063
3508.61739
4313.07773
5159.03679
7150.65783
3144.38612
177.55076
1245.71322
4231.79598
1245.71322
4518.75087
5563.48595
7493.39261
9348.74420
7493.39261
1570.19271
1067.57883
1244.29311
8841.00633
3072.80232
2741.61246
3611.36333
5526.01281
3611.36333
3020.40542
3611.36333
9237.67962
3611.36333
7900.71509
6741.88495
7900.71509
6741.88495
5079.01016
3135.58869
5079.01016
4395.00291
3767.57185
2488.04852
3767.57185
4089.33745
3767.57185
5943.25828
3767.57185
275.65386
3767.57185
1551.37378
6809.83703
5678.99066
6809.83703
5678.99066
2895.61781
4099.27563
8188.77660
8933.53603
7578.17408
2964.69707
867.23438
7676.23493
867.23438
2559.44908
8269.73245
1164.51378
1615.95294
9803.72954
1615.95294
6558.62187
1615.95294
1587.71982
1383.92849
8943.50525
1383.92849
6583.15868
9066.54137
1743.81653
6156.03268
8625.79423
8038.14511
6577.77177
8165.65511
6577.77177
9548.58360
844.25237
321.44950
20
9189.89965
887.69679
8982.51332
5138.70953
115.50376
4506.64888
115.50376
1083.58417
3929.69959
8641.59971
3879.43292
8641.59971
8834.74908
4865.15837
6197.26405
4865.15837
961.67174
9756.28032
5700.79116
5463.58364
5700.79116
5422.53513
3506.52690
5422.53513
8389.20224
1328.65089
8389.20224
3248.77639
8389.20224
1372.09022
6491.31074
6380.86537
6549.28311
1712.30057
4402.91448
9144.11672
6824.76762
6424.70753
6824.76762
3084.31894
3267.61132
3084.31894
110.08558
175.02490
95
3578.65392
9759.95494
9816.57269
1264.13846
9289.56486
1264.13846
9289.56486
1166.29687
3276.39309
761.77150
9319.22325
767.65903
526.77749
6694.51371
7959.81569
7248.38055
9651.22729
2807.63895
4209.73523
2807.63895
4209.73523
9956.53995
4209.73523
7075.19898
4000.81823
1723.04505
4000.81823
1348.76758
4000.81823
4324.44788
4000.81823
4199.99309
4000.81823
8623.68453
4873.45453
8623.68453
7276.79171
8623.68453
482.80241
8623.68453
482.80241
2018.47715
482.80241
2694.08855
8164.38413
9144.61233
8164.38413
8992.75140
8164.38413
1166.50550
8164.38413
5700.61011
4070.25078
6764.33934
10.58450
8091.97594
7317.21713
8091.97594
706.73426
1276.75843
8794.42745
6554.01971
8794.42745
2254.79335
4413.88934
2254.79335
4413.88934
9842.13895
2089.51212
374.98677
3800.08463
374.98677
9741.43234
9345.66140
9741.43234
607.77424
9741.43234
4722.59021
917.72916
9358.40480
6084.39157
6237.47621
6084.39157
2232.23714
3060.11548
2232.23714
3060.11548
6295.53493
3060.11548
6171.26950
4833.64219
592.69929
4833.64219
2457.26014
2251.25188
835.65254
2251.25188
1607.94042
5100.20377
9407.42605
1930.69556
3115.50127
3708.20057
2517.62423
3708.20057
2367.51861
3708.20057
6753.74333
3708.20057
2367.79434
5193.90027
3475.75935
5193.90027
6650.62472
9168.24895
5524.42273
7891.10486
5524.42273
3213.92863
5524.42273
9907.87151
3681.35203
61.61285
2348.25002
4763.24284
7235.97539
4763.24284
755.56565
4763.24284
807.41993
1057.78253
742.78286
1057.78253
324.50696
1619.75459
324.50696
1619.75459
7529.71552
1619.75459
4637.28118
7248.93811
5594.47154
199.87647
8485.79696
199.87647
6833.49383
7720.07808
6693.23724
7720.07808
1110.75126
9228.34026
2828.27838
4774.74992
4973.78991
3459.75040
6644.24423
3459.75040
6217.98836
957.78393
6217.98836
9503.01039
5083.51417
9503.01039
2686.70599
4012.65943
3823.40983
467.65406
7344.33901
9913.49089
870.27482
6800.73338
2340.14773
9721.29037
1037.68076
6736.62088
1037.68076
6736.62088
5911.05484
6736.62088
1143.33167
232.38093
1143.33167
5284.70362
3514.99055
9513.08776
3514.99055
9513.08776
6166.15644
9513.08776
7732.07828
9513.08776
3313.50678
