9 6
26
68
33
86
100
15
43
22
45
1077
1346
573
1466
1398
1800
8 9
45
99
79
38
97
99
17
4
253
1079
2000
1491
427
571
925
406
780
7 4
34
36
35
30
16
76
2
1921
885
458
1792
5 8
94
40
96
42
90
508
650
1046
1586
601
489
2012
1172
4 8
43
26
11
28
1621
1169
1862
28
657
519
1949
1541
5 6
98
30
61
89
77
275
1347
1320
924
344
857
13 10
65
63
72
62
57
97
24
85
9
20
42
89
44
560
1937
1437
1536
1580
1062
1193
1836
1615
2005
5 7
24
45
64
4
37
40
904
1107
235
45
1656
624
9 2
36
28
85
76
71
88
36
51
15
2039
1797
4 1
95
55
44
43
298
4 6
86
77
13
57
343
1756
1330
1998
331
1493
10 4
76
61
30
47
1
65
49
15
80
77
1134
1714
2039
156
8 5
26
65
23
11
41
87
19
68
878
1400
1905
1208
845
13 4
84
42
83
82
42
99
31
9
78
59
98
59
82
705
512
1698
1158
11 2
28
41
59
99
60
88
58
64
88
66
93
581
1950
8 5
83
28
73
13
36
3
72
33
1845
1525
1226
308
1174
6 6
26
23
88
36
21
47
243
1706
2030
750
1916
1839
5 7
41
28
79
68
53
156
1476
1755
199
1996
1551
1723
10 5
24
60
10
49
34
97
84
54
95
11
1735
256
1208
1602
46
9 6
50
53
57
70
5
100
77
11
14
1872
2034
952
997
1844
1799
7 3
60
29
1
95
82
95
5
1956
1742
905
11 4
2
23
65
6
79
34
11
30
10
21
43
882
450
966
1878
6 9
57
45
48
85
45
42
698
1647
723
605
1341
1627
66
1080
972
8 2
81
35
6
43
65
67
64
59
836
1073
12 7
6
77
13
2
24
97
99
65
14
41
63
99
1365
53
744
396
1024
1640
160
6 1
73
35
87
39
50
45
1895
8 5
43
72
61
56
25
36
4
23
773
910
992
1247
1588
13 2
47
44
63
83
59
7
5
31
94
91
21
95
87
823
1725
5 10
32
32
5
57
20
1580
1459
1784
441
402
982
2028
710
233
263
12 4
29
99
10
33
29
55
23
49
50
9
56
10
92
1229
1066
84
6 8
83
72
28
6
1
22
1811
1924
31
2044
138
1443
503
274
10 6
54
85
51
76
85
52
37
92
61
68
2008
674
803
1932
183
1897
7 9
22
84
52
65
31
70
48
1297
1944
938
1570
1564
1373
2048
1328
479
10 4
34
63
48
95
31
47
48
13
7
99
234
126
589
911
8 8
19
7
49
66
31
76
51
29
971
2048
1336
250
478
1618
413
1500
10 2
42
99
79
89
63
37
39
44
78
15
1591
482
7 5
60
42
83
43
69
33
71
311
1304
1390
560
1782
6 5
29
71
28
70
69
6
650
1948
1486
1473
579
6 5
73
76
9
38
36
2
1644
758
531
900
812
4 2
97
13
1
99
325
1121
13 4
50
90
42
11
73
87
11
100
10
26
24
85
34
1565
72
1691
1160
12 9
40
48
62
11
96
74
63
47
82
43
68
65
1560
1309
338
546
1162
869
1005
1593
1958
13 6
38
75
69
10
13
52
10
22
43
10
35
53
57
1944
1003
1079
585
129
386
8 2
31
63
6
64
59
22
48
12
1439
447
4 9
23
62
1
27
1884
1098
1613
317
628
514
541
523
1516
7 5
49
65
60
100
47
74
57
410
88
610
761
1031
5 4
95
80
38
57
81
48
744
1770
1661
5 2
58
52
28
97
95
1979
1237
5 4
97
10
19
53
72
6
503
1900
1036
7 5
42
6
33
98
38
48
77
1035
1984
1612
1384
61
5 4
38
86
18
34
49
1003
1362
95
921
8 10
82
17
61
29
42
56
70
47
372
672
116
695
1224
1151
631
788
486
691
12 5
96
16
82
30
65
44
11
23
76
45
4
57
1509
1964
1541
1719
11
10 1
10
26
37
97
21
63
15
8
96
25
890
4 1
54
42
2
18
1530
7 10
13
9
43
22
21
58
58
1355
1081
1660
1876
1462
637
464
490
838
202
5 1
73
77
59
33
49
1744
10 2
29
16
65
20
28
25
14
1
46
23
1775
608
4 4
47
93
15
10
1758
812
1099
1906
11 2
10
58
96
10
21
74
63
49
41
79
20
1029
1664
6 1
49
56
79
68
58
5
1959
5 9
28
32
46
67
65
1933
1382
1298
1139
149
791
39
2003
1349
9 3
79
95
63
82
80
84
30
87
14
1354
1076
490
11 10
36
95
81
33
61
45
30
42
70
84
19
428
1382
1365
1776
645
1643
1074
1780
902
2036
0 0
