990 1980
990 1980
0 990
990 1980
990 1980
990 1980
0 1980
0 1980
1980 3960
0 1980
0 1980
0 1980
0 1980
0 1980
0 1980
1680 2160
720 1260
0 720
1680 2160
0 10080
0 10080
0 10080
0 10080
0 10080
0 10080
0 10080
0 10080
0 172172
0 172172
0 172172
0 172172
0 172172
0 172172
0 172172
0 172172
0 986370
0 986370
0 986370
0 986370
0 986370
0 986370
504 720
1800 2016
1368 1440
1512 1584
1512 1584
1008 1080
1080 1260
1800 2016
1584 1800
1800 2016
0 2880
0 2880
0 2880
0 2880
0 2880
0 2880
0 2880
1260 2520
1260 2520
0 179740
0 4906902
0 4906902
0 4906902
0 4906902
0 4906902
0 4906902
960 1140
1680 1830
1950 2160
0 240
0 27170
0 27170
0 27170
0 27170
0 27170
588 756
504 588
1638 1722
1092 1176
0 792
1848 2112
1584 1872
1512 1584
1008 1512
0 504
1008 1512
0 72072
0 72072
0 72072
0 72072
0 72072
0 72072
0 1034348
0 1034348
0 1034348
0 1034348
0 1034348
0 1034348
0 1034348
1680 2040
0 840
1080 1320
1320 1680
0 840
1750 2100
1750 2100
770 1050
770 1050
1750 2100
1750 2100
1900 1995
1740 1805
855 950
870 900
450 450
966 966
1870 1890
0 5040
0 5040
0 5040
0 5040
0 5040
0 5040
0 5040
0 5040
0 5040
0 73710
0 73710
1344 1386
0 126
693 756
396 396
1008 1092
1638 1680
126 168
0 40950
504 1008
504 1008
504 1008
1008 1512
1512 1656
819 945
1638 1827
1440 1600
1440 1600
1760 1920
320 480
320 480
960 1120
1920 2080
640 800
160 320
160 320
0 290
1160 1320
990 1100
0 290
1584 1848
1848 2016
0 504
2016 2376
0 504
1008 1512
0 504
0 504
1020 2040
0 1020
0 1020
1020 2040
0 1020
1020 2040
0 5460
0 5460
0 5460
0 5460
0 5460
0 5460
0 5460
0 5460
0 5460
0 1008
0 1008
0 1008
0 1008
0 3724
0 3724
0 3724
0 3724
0 3724
0 3724
0 3724
0 3724
0 1638
0 1638
0 106260
0 106260
0 106260
0 106260
0 106260
0 9660
0 9660
0 9660
0 9660
0 9660
1368 2052
684 1368
0 684
684 1368
684 1368
0 124839
0 124839
1530 1650
0 550
1650 1700
1100 1200
0 5280
0 5280
0 5280
0 5280
0 5280
0 5280
0 5280
0 5280
0 5280
1900 1950
990 1040
1060 1100
570 600
110 130
380 390
1344 1488
384 528
0 38502
0 38502
0 38502
0 38502
0 38502
0 38502
0 38502
0 38502
0 38502
0 74100
0 74100
0 74100
0 74100
0 74100
0 4560
0 4560
0 4560
0 4560
0 1002820
0 1002820
0 362520
0 362520
0 362520
0 362520
924 1386
1848 2310
1386 1848
924 1386
0 462
0 250002
0 250002
0 250002
0 250002
0 14280
0 14280
0 14280
0 14280
0 14280
0 14280
0 14280
0 14280
0 14280
0 14280
1440 1584
1936 1980
1440 1584
1672 1760
0 176
840 960
1512 1890
0 3654
0 3654
0 3654
0 3654
0 3654
0 3654
0 3654
0 3654
0 3654
0 3654
0 95403
1680 1792
560 644
0 43710
0 43710
0 43710
0 43710
980 1160
1640 1680
0 33320
0 334880
0 334880
0 334880
0 334880
0 334880
0 334880
0 334880
0 334880
0 334880
1260 1680
0 1260
0 1260
420 630
1260 1620
1260 1620
1710 1890
630 840
1620 1680
840 1260
1710 1890
840 1260
1980 2100
