500 499
384 887 778 916 794 336 387 493 650 422 363 28 691 60 764 927 541 427 173 737 212 369 568 430 783 531 863 124 68 136 930 803 23 59 70 168 394 457 12 43 230 374 422 920 785 538 199 325 316 371 414 527 92 981 957 874 863 171 997 282 306 926 85 328 337 506 847 730 314 858 125 896 583 546 815 368 435 365 44 751 88 809 277 179 789 585 404 652 755 400 933 61 677 369 740 13 227 587 95 540 796 571 435 379 468 602 98 903 318 493 653 757 302 281 287 442 866 690 445 620 441 730 32 118 98 772 482 676 710 928 568 857 498 354 587 966 307 684 220 625 529 872 733 830 504 20 271 369 709 716 341 150 797 724 619 246 847 452 922 556 380 489 765 229 842 351 194 501 35 765 125 915 988 857 744 492 228 366 860 937 433 552 438 229 276 408 475 122 859 396 30 238 236 794 819 429 144 12 929 530 777 405 444 764 614 539 607 841 905 819 129 689 370 918 918 997 325 744 471 184 491 500 773 726 645 591 506 140 955 787 670 83 543 465 198 508 356 805 349 612 623 829 300 344 747 569 341 423 312 811 606 802 662 731 879 306 321 737 445 627 523 466 709 417 283 259 925 638 63 625 601 37 453 900 380 551 469 72 974 132 882 931 934 895 661 164 200 982 900 997 960 774 814 669 191 96 927 467 85 341 91 685 377 543 937 108 446 757 180 419 888 413 349 173 660 10 337 211 343 588 207 302 714 373 322 256 820 600 722 905 940 812 941 668 706 229 128 151 985 659 921 225 423 270 397 82 631 85 293 973 673 851 626 386 223 300 641 43 899 714 299 191 525 591 210 582 820 337 733 156 995 5 380 770 274 777 851 256 861 143 580 885 994 206 622 568 505 614 962 755 327 260 945 203 203 507 785 22 843 869 529 190 873 909 959 499 37 809 754 249 304 334 134 649 891 755 568 747 369 530 501 47 789 798 250 991 304 34 364 498 254 893 687 126 153 997 976 189 158 730 437 461 415 922 461 305 29 28 51 749 557 903 795 698 700 44 40 3 429 404 501 682 648 539 160 152 536 135 340 693 216 128 505 630 50 965 286 430 344 336 178 901 239 972 950 290 368 989 293 796 744 145 830 391 683 341 542 570 827 233
1 2
2 3
3 4
4 5
5 6
6 7
7 8
8 9
9 10
10 11
11 12
12 13
13 14
14 15
15 16
16 17
17 18
18 19
19 20
20 21
21 22
22 23
23 24
24 25
25 26
26 27
27 28
28 29
29 30
30 31
31 32
32 33
33 34
34 35
35 36
36 37
37 38
38 39
39 40
40 41
41 42
42 43
43 44
44 45
45 46
46 47
47 48
48 49
49 50
50 51
51 52
52 53
53 54
54 55
55 56
56 57
57 58
58 59
59 60
60 61
61 62
62 63
63 64
64 65
65 66
66 67
67 68
68 69
69 70
70 71
71 72
72 73
73 74
74 75
75 76
76 77
77 78
78 79
79 80
80 81
81 82
82 83
83 84
84 85
85 86
86 87
87 88
88 89
89 90
90 91
91 92
92 93
93 94
94 95
95 96
96 97
97 98
98 99
99 100
100 101
101 102
102 103
103 104
104 105
105 106
106 107
107 108
108 109
109 110
110 111
111 112
112 113
113 114
114 115
115 116
116 117
117 118
118 119
119 120
120 121
121 122
122 123
123 124
124 125
125 126
126 127
127 128
128 129
129 130
130 131
131 132
132 133
133 134
134 135
135 136
136 137
137 138
138 139
139 140
140 141
141 142
142 143
143 144
144 145
145 146
146 147
147 148
148 149
149 150
150 151
151 152
152 153
153 154
154 155
155 156
156 157
157 158
158 159
159 160
160 161
161 162
162 163
163 164
164 165
165 166
166 167
167 168
168 169
169 170
170 171
171 172
172 173
173 174
174 175
175 176
176 177
177 178
178 179
179 180
180 181
181 182
182 183
183 184
184 185
185 186
186 187
187 188
188 189
189 190
190 191
191 192
192 193
193 194
194 195
195 196
196 197
197 198
198 199
199 200
200 201
201 202
202 203
203 204
204 205
205 206
206 207
207 208
208 209
209 210
210 211
211 212
212 213
213 214
214 215
215 216
216 217
217 218
218 219
219 220
220 221
221 222
222 223
223 224
224 225
225 226
226 227
227 228
228 229
229 230
230 231
231 232
232 233
233 234
234 235
235 236
236 237
237 238
238 239
239 240
240 241
241 242
242 243
243 244
244 245
245 246
246 247
247 248
248 249
249 250
250 251
251 252
252 253
253 254
254 255
255 256
256 257
257 258
258 259
259 260
260 261
261 262
262 263
263 264
264 265
265 266
266 267
267 268
268 269
269 270
270 271
271 272
272 273
273 274
274 275
275 276
276 277
277 278
278 279
279 280
280 281
281 282
282 283
283 284
284 285
285 286
286 287
287 288
288 289
289 290
290 291
291 292
292 293
293 294
294 295
295 296
296 297
297 298
298 299
299 300
300 301
301 302
302 303
303 304
304 305
305 306
306 307
307 308
308 309
309 310
310 311
311 312
312 313
313 314
314 315
315 316
316 317
317 318
318 319
319 320
320 321
321 322
322 323
323 324
324 325
325 326
326 327
327 328
328 329
329 330
330 331
331 332
332 333
333 334
334 335
335 336
336 337
337 338
338 339
339 340
340 341
341 342
342 343
343 344
344 345
345 346
346 347
347 348
348 349
349 350
350 351
351 352
352 353
353 354
354 355
355 356
356 357
357 358
358 359
359 360
360 361
361 362
362 363
363 364
364 365
365 366
366 367
367 368
368 369
369 370
370 371
371 372
372 373
373 374
374 375
375 376
376 377
377 378
378 379
379 380
380 381
381 382
382 383
383 384
384 385
385 386
386 387
387 388
388 389
389 390
390 391
391 392
392 393
393 394
394 395
395 396
396 397
397 398
398 399
399 400
400 401
401 402
402 403
403 404
404 405
405 406
406 407
407 408
408 409
409 410
410 411
411 412
412 413
413 414
414 415
415 416
416 417
417 418
418 419
419 420
420 421
421 422
422 423
423 424
424 425
425 426
426 427
427 428
428 429
429 430
430 431
431 432
432 433
433 434
434 435
435 436
436 437
437 438
438 439
439 440
440 441
441 442
442 443
443 444
444 445
445 446
446 447
447 448
448 449
449 450
450 451
451 452
452 453
453 454
454 455
455 456
456 457
457 458
458 459
459 460
460 461
461 462
462 463
463 464
464 465
465 466
466 467
467 468
468 469
469 470
470 471
471 472
472 473
473 474
474 475
475 476
476 477
477 478
478 479
479 480
480 481
481 482
482 483
483 484
484 485
485 486
486 487
487 488
488 489
489 490
490 491
491 492
492 493
493 494
494 495
495 496
496 497
497 498
498 499
499 500
500
90 86 28 134 166 377 494 353 337 329 165 392 420 354 265 403 332 123 374 251 495 8 367 101 271 471 269 447 292 373 153 339 260 366 363 25 326 343 217 88 425 120 17 389 426 240 259 26 330 46 486 396 457 15 119 406 375 258 364 352 136 232 139 415 169 48 144 262 290 72 39 198 12 113 359 241 394 213 69 3 362 244 92 215 116 496 196 456 51 94 122 176 205 468 422 317 250 322 388 461 109 211 303 91 68 481 288 358 146 400 93 489 99 9 348 483 333 312 423 104 78 242 238 444 107 318 206 376 14 178 100 419 79 455 493 285 140 316 462 2 218 331 482 399 266 287 224 361 159 438 10 239 254 384 33 222 454 401 382 16 141 413 416 315 369 216 138 56 249 7 445 231 95 404 387 143 350 412 485 473 63 273 207 270 155 64 102 466 58 424 152 409 431 308 357 154 37 243 20 278 175 203 32 132 189 446 185 187 11 340 408 131 356 309 194 130 6 294 180 147 24 214 427 300 66 145 237 474 186 247 23 310 347 84 49 174 129 277 157 31 342 311 279 126 498 210 405 274 421 191 193 182 137 114 18 67 341 221 325 81 397 124 34 121 436 379 365 430 256 450 223 179 372 160 4 298 127 390 299 328 313 112 284 407 43 30 252 108 35 335 192 439 286 5 432 410 219 83 70 65 19 227 272 302 76 195 338 395 437 135 172 167 442 301 85 490 245 441 492 148 57 257 305 181 380 459 82 391 378 42 197 355 307 453 202 268 349 470 383 161 38 74 261 417 449 105 499 452 225 50 142 371 434 188 402 321 158 73 488 276 479 467 117 208 451 77 275 463 418 164 228 21 106 96 163 246 98 306 118 52 71 13 500 469 40 264 291 204 183 351 151 156 487 460 428 168 323 465 229 344 54 59 282 230 289 115 248 360 433 149 484 220 75 199 345 435 212 47 80 177 320 296 184 44 103 41 295 133 334 170 324 368 235 209 200 491 398 440 370 429 201 173 111 53 267 97 150 464 472 89 226 234 60 253 281 55 480 87 190 125 280 304 381 110 477 327 255 297 478 346 236 29 448 283 458 475 411 1 476 443 128 293 61 36 393 319 22 336 171 314 414 62 386 27 233 45 162 497 263 385

500 499
422 694 335 440 335 422 160 986 958 355 762 763 973 542 717 853 851 663 483 400 218 155 174 16 507 852 365 791 264 492 173 38 538 860 829 872 281 988 857 591 342 971 353 666 512 70 518 362 84 352 113 301 507 639 668 365 490 33 155 105 876 680 142 413 539 970 637 171 957 845 761 650 815 466 315 327 887 184 40 970 536 153 622 394 791 290 110 632 674 265 736 549 296 878 314 834 199 950 356 156 794 469 157 961 934 824 287 172 359 678 141 246 182 762 991 324 51 101 955 76 365 43 625 660 920 290 845 470 239 552 977 384 20 134 344 305 957 982 476 667 12 968 913 193 730 903 869 132 3 175 208 719 217 184 378 488 473 574 958 63 126 934 798 497 419 142 154 727 475 981 394 486 949 306 31 30 560 899 161 563 425 720 281 642 903 11 481 727 584 790 141 709 724 939 558 494 432 711 221 906 691 614 392 639 271 422 668 830 672 181 744 96 900 25 89 155 387 570 233 970 711 374 31 434 664 588 280 95 650 500 352 340 465 743 331 87 516 350 916 187 882 12 635 134 388 723 288 774 644 520 743 355 245 125 140 260 64 419 354 713 270 706 405 734 800 735 820 316 436 88 854 670 451 488 803 838 563 90 611 206 961 705 912 558 830 404 817 893 822 523 606 444 580 362 529 379 448 701 46 883 788 900 552 590 387 354 427 949 795 37 507 108 93 418 665 922 821 481 167 995 355 124 438 934 485 318 313 932 18 710 166 157 609 70 746 996 423 172 296 570 560 802 677 653 572 341 926 744 173 92 90 528 567 879 813 51 197 125 334 214 187 500 371 795 569 116 142 343 640 438 264 199 591 940 203 514 632 129 258 805 572 347 684 139 226 496 541 422 973 227 635 159 726 357 953 646 473 447 340 112 884 604 662 826 543 217 340 175 345 597 331 268 295 14 758 520 861 651 293 833 877 280 991 954 636 296 599 108 742 938 571 977 541 585 802 84 801 493 610 497 441 940 764 736 305 874 607 165 524 252 350 752 531 340 705 166 987 303 626 80 592 548 408 485 132 562 920 932 54 529 428 495 820 544 582 124 769 188 640 644 439 989 395 321 681 99 487 19 753 464 99 696 11 506 180 143 67 99 426 473
1 2
1 3
1 4
1 5
1 6
1 7
1 8
1 9
1 10
1 11
1 12
1 13
1 14
1 15
1 16
1 17
1 18
1 19
1 20
1 21
1 22
1 23
1 24
1 25
1 26
1 27
1 28
1 29
1 30
1 31
1 32
1 33
1 34
1 35
1 36
1 37
1 38
1 39
1 40
1 41
1 42
1 43
1 44
1 45
1 46
1 47
1 48
1 49
1 50
1 51
1 52
1 53
1 54
1 55
1 56
1 57
1 58
1 59
1 60
1 61
1 62
1 63
1 64
1 65
1 66
1 67
1 68
1 69
1 70
1 71
1 72
1 73
1 74
1 75
1 76
1 77
1 78
1 79
1 80
1 81
1 82
1 83
1 84
1 85
1 86
1 87
1 88
1 89
1 90
1 91
1 92
1 93
1 94
1 95
1 96
1 97
1 98
1 99
1 100
1 101
1 102
1 103
1 104
1 105
1 106
1 107
1 108
1 109
1 110
1 111
1 112
1 113
1 114
1 115
1 116
1 117
1 118
1 119
1 120
1 121
1 122
1 123
1 124
1 125
1 126
1 127
1 128
1 129
1 130
1 131
1 132
1 133
1 134
1 135
1 136
1 137
1 138
1 139
1 140
1 141
1 142
1 143
1 144
1 145
1 146
1 147
1 148
1 149
1 150
1 151
1 152
1 153
1 154
1 155
1 156
1 157
1 158
1 159
1 160
1 161
1 162
1 163
1 164
1 165
1 166
1 167
1 168
1 169
1 170
1 171
1 172
1 173
1 174
1 175
1 176
1 177
1 178
1 179
1 180
1 181
1 182
1 183
1 184
1 185
1 186
1 187
1 188
1 189
1 190
1 191
1 192
1 193
1 194
1 195
1 196
1 197
1 198
1 199
1 200
1 201
1 202
1 203
1 204
1 205
1 206
1 207
1 208
1 209
1 210
1 211
1 212
1 213
1 214
1 215
1 216
1 217
1 218
1 219
1 220
1 221
1 222
1 223
1 224
1 225
1 226
1 227
1 228
1 229
1 230
1 231
1 232
1 233
1 234
1 235
1 236
1 237
1 238
1 239
1 240
1 241
1 242
1 243
1 244
1 245
1 246
1 247
1 248
1 249
1 250
1 251
1 252
1 253
1 254
1 255
1 256
1 257
1 258
1 259
1 260
1 261
1 262
1 263
1 264
1 265
1 266
1 267
1 268
1 269
1 270
1 271
1 272
1 273
1 274
1 275
1 276
1 277
1 278
1 279
1 280
1 281
1 282
1 283
1 284
1 285
1 286
1 287
1 288
1 289
1 290
1 291
1 292
1 293
1 294
1 295
1 296
1 297
1 298
1 299
1 300
1 301
1 302
1 303
1 304
1 305
1 306
1 307
1 308
1 309
1 310
1 311
1 312
1 313
1 314
1 315
1 316
1 317
1 318
1 319
1 320
1 321
1 322
1 323
1 324
1 325
1 326
1 327
1 328
1 329
1 330
1 331
1 332
1 333
1 334
1 335
1 336
1 337
1 338
1 339
1 340
1 341
1 342
1 343
1 344
1 345
1 346
1 347
1 348
1 349
1 350
1 351
1 352
1 353
1 354
1 355
1 356
1 357
1 358
1 359
1 360
1 361
1 362
1 363
1 364
1 365
1 366
1 367
1 368
1 369
1 370
1 371
1 372
1 373
1 374
1 375
1 376
1 377
1 378
1 379
1 380
1 381
1 382
1 383
1 384
1 385
1 386
1 387
1 388
1 389
1 390
1 391
1 392
1 393
1 394
1 395
1 396
1 397
1 398
1 399
1 400
1 401
1 402
1 403
1 404
1 405
1 406
1 407
1 408
1 409
1 410
1 411
1 412
1 413
1 414
1 415
1 416
1 417
1 418
1 419
1 420
1 421
1 422
1 423
1 424
1 425
1 426
1 427
1 428
1 429
1 430
1 431
1 432
1 433
1 434
1 435
1 436
1 437
1 438
1 439
1 440
1 441
1 442
1 443
1 444
1 445
1 446
1 447
1 448
1 449
1 450
1 451
1 452
1 453
1 454
1 455
1 456
1 457
1 458
1 459
1 460
1 461
1 462
1 463
1 464
1 465
1 466
1 467
1 468
1 469
1 470
1 471
1 472
1 473
1 474
1 475
1 476
1 477
1 478
1 479
1 480
1 481
1 482
1 483
1 484
1 485
1 486
1 487
1 488
1 489
1 490
1 491
1 492
1 493
1 494
1 495
1 496
1 497
1 498
1 499
1 500
500
253 105 329 89 265 65 58 127 130 66 33 64 468 203 258 349 362 307 464 279 438 44 435 244 335 495 202 491 84 486 473 341 440 391 209 137 197 388 409 149 199 158 410 70 369 311 220 368 171 321 240 256 497 165 426 366 393 95 208 67 403 324 325 39 466 121 125 370 470 237 376 231 20 147 316 260 124 36 429 472 30 196 337 481 102 261 52 302 135 331 340 112 271 212 450 384 386 354 346 423 87 120 28 184 63 71 10 210 457 352 154 259 148 272 9 493 42 323 477 492 214 22 242 268 45 155 141 169 100 232 320 38 241 441 47 301 478 173 239 178 226 86 37 365 420 476 430 342 454 298 390 463 344 142 170 187 91 313 284 285 425 500 25 229 334 133 53 443 57 211 151 304 436 183 194 6 445 412 55 282 431 131 192 218 421 395 351 12 201 394 300 397 2 309 109 235 276 424 487 236 437 266 380 326 129 104 180 93 205 140 350 150 347 116 247 185 404 339 452 74 408 439 480 250 72 360 153 371 238 162 400 174 377 40 359 7 101 160 145 134 278 175 62 227 21 267 291 221 108 128 41 225 215 59 306 385 50 257 356 193 318 3 327 73 428 382 222 255 469 107 289 159 181 126 411 490 444 182 49 60 234 79 16 243 176 484 68 29 138 496 378 401 249 190 494 343 13 233 81 119 200 23 310 275 88 488 485 122 332 85 219 286 251 269 405 136 34 315 179 433 389 246 83 118 92 422 381 451 132 449 146 399 296 114 264 355 322 383 254 14 283 456 17 297 18 415 224 287 99 413 97 27 427 419 56 166 448 288 51 446 418 314 117 262 188 106 5 189 139 223 442 123 392 111 61 157 248 35 372 32 195 336 48 1 277 204 217 94 471 152 164 110 461 467 43 396 414 76 77 156 96 103 489 163 305 348 447 367 191 357 245 24 19 54 115 177 353 4 8 295 293 363 498 303 143 75 113 78 144 453 465 398 330 345 333 416 432 364 328 26 299 458 312 482 216 274 417 338 46 358 263 172 15 455 161 292 459 474 294 361 80 281 434 69 373 483 374 273 375 186 280 407 308 213 290 168 499 319 206 207 270 11 460 90 379 167 406 230 98 228 402 479 317 82 198 462 252 31 387 475

500 499
135 834 537 128 907 1000 698 317 261 840 571 568 987 487 9 768 278 967 137 436 694 38 947 720 368 213 97 935 541 118 96 675 951 632 803 209 631 852 526 243 691 448 162 677 935 170 796 564 136 932 352 181 321 298 901 689 862 997 975 402 115 70 429 417 53 583 626 683 434 503 278 124 950 791 152 236 961 947 800 448 230 503 629 550 800 529 590 14 877 564 767 991 985 195 760 37 777 385 72 210 239 701 685 540 491 836 776 451 782 927 251 363 429 879 265 580 759 854 945 635 770 712 978 106 258 737 143 35 473 566 596 711 266 633 250 108 468 377 559 602 303 161 964 83 39 228 15 797 434 959 431 555 670 408 660 928 496 802 314 968 719 261 30 336 893 632 444 713 8 354 314 663 514 629 97 552 857 111 700 642 70 482 196 91 890 855 370 737 9 683 705 727 296 734 415 188 365 858 252 725 211 565 739 724 194 835 627 402 946 326 395 367 807 590 457 48 796 827 785 804 861 841 883 156 574 649 696 291 506 947 367 68 864 105 791 409 291 769 162 236 94 556 602 252 145 411 652 292 589 436 448 449 276 682 957 201 330 652 843 835 950 561 902 165 665 44 573 956 812 734 543 257 641 497 860 137 259 511 429 847 298 876 295 925 557 251 126 886 254 320 72 556 881 325 720 897 368 645 204 531 730 747 787 371 595 646 859 853 509 287 699 806 514 345 731 422 948 208 659 201 879 730 108 759 54 180 8 773 176 211 303 905 309 441 627 903 87 486 107 947 124 805 752 638 502 834 411 449 393 70 1 272 151 109 382 557 288 389 329 463 952 984 719 260 424 346 515 862 183 973 808 658 130 912 295 631 745 58 79 138 127 79 761 629 187 142 185 826 883 866 640 834 849 359 445 624 56 311 486 590 284 645 247 413 556 894 43 301 951 121 790 429 551 550 57 738 43 242 915 925 459 555 110 659 265 555 282 320 217 119 261 500 764 507 264 319 400 306 971 702 778 112 130 329 13 187 418 56 780 684 980 590 238 90 248 854 996 881 525 212 1000 785 712 115 644 327 785 43 633 108 97 762 219 226 442 232 764 211 287 895 895 618 836 484 59 83 338 54 316 214 618 315 999 681 781 642 7 565 36 639
2 1
3 1
4 1
5 1
6 1
7 1
8 1
9 1
10 1
11 1
12 1
13 1
14 1
15 1
16 1
17 1
18 1
19 1
20 1
21 1
22 1
23 1
24 1
25 1
26 1
27 1
28 1
29 1
30 1
31 1
32 1
33 1
34 1
35 1
36 1
37 1
38 1
39 1
40 1
41 1
42 1
43 1
44 1
45 1
46 1
47 1
48 1
49 1
50 1
51 1
52 1
53 1
54 1
55 1
56 1
57 1
58 1
59 1
60 1
61 1
62 1
63 1
64 1
65 1
66 1
67 1
68 1
69 1
70 1
71 1
72 1
73 1
74 1
75 1
76 1
77 1
78 1
79 1
80 1
81 1
82 1
83 1
84 1
85 1
86 1
87 1
88 1
89 1
90 1
91 1
92 1
93 1
94 1
95 1
96 1
97 1
98 1
99 1
100 1
101 1
102 1
103 1
104 1
105 1
106 1
107 1
108 1
109 1
110 1
111 1
112 1
113 1
114 1
115 1
116 1
117 1
118 1
119 1
120 1
121 1
122 1
123 1
124 1
125 1
126 1
127 1
128 1
129 1
130 1
131 1
132 1
133 1
134 1
135 1
136 1
137 1
138 1
139 1
140 1
141 1
142 1
143 1
144 1
145 1
146 1
147 1
148 1
149 1
150 1
151 1
152 1
153 1
154 1
155 1
156 1
157 1
158 1
159 1
160 1
161 1
162 1
163 1
164 1
165 1
166 1
167 1
168 1
169 1
170 1
171 1
172 1
173 1
174 1
175 1
176 1
177 1
178 1
179 1
180 1
181 1
182 1
183 1
184 1
185 1
186 1
187 1
188 1
189 1
190 1
191 1
192 1
193 1
194 1
195 1
196 1
197 1
198 1
199 1
200 1
201 1
202 1
203 1
204 1
205 1
206 1
207 1
208 1
209 1
210 1
211 1
212 1
213 1
214 1
215 1
216 1
217 1
218 1
219 1
220 1
221 1
222 1
223 1
224 1
225 1
226 1
227 1
228 1
229 1
230 1
231 1
232 1
233 1
234 1
235 1
236 1
237 1
238 1
239 1
240 1
241 1
242 1
243 1
244 1
245 1
246 1
247 1
248 1
249 1
250 1
251 1
252 1
253 1
254 1
255 1
256 1
257 1
258 1
259 1
260 1
261 1
262 1
263 1
264 1
265 1
266 1
267 1
268 1
269 1
270 1
271 1
272 1
273 1
274 1
275 1
276 1
277 1
278 1
279 1
280 1
281 1
282 1
283 1
284 1
285 1
286 1
287 1
288 1
289 1
290 1
291 1
292 1
293 1
294 1
295 1
296 1
297 1
298 1
299 1
300 1
301 1
302 1
303 1
304 1
305 1
306 1
307 1
308 1
309 1
310 1
311 1
312 1
313 1
314 1
315 1
316 1
317 1
318 1
319 1
320 1
321 1
322 1
323 1
324 1
325 1
326 1
327 1
328 1
329 1
330 1
331 1
332 1
333 1
334 1
335 1
336 1
337 1
338 1
339 1
340 1
341 1
342 1
343 1
344 1
345 1
346 1
347 1
348 1
349 1
350 1
351 1
352 1
353 1
354 1
355 1
356 1
357 1
358 1
359 1
360 1
361 1
362 1
363 1
364 1
365 1
366 1
367 1
368 1
369 1
370 1
371 1
372 1
373 1
374 1
375 1
376 1
377 1
378 1
379 1
380 1
381 1
382 1
383 1
384 1
385 1
386 1
387 1
388 1
389 1
390 1
391 1
392 1
393 1
394 1
395 1
396 1
397 1
398 1
399 1
400 1
401 1
402 1
403 1
404 1
405 1
406 1
407 1
408 1
409 1
410 1
411 1
412 1
413 1
414 1
415 1
416 1
417 1
418 1
419 1
420 1
421 1
422 1
423 1
424 1
425 1
426 1
427 1
428 1
429 1
430 1
431 1
432 1
433 1
434 1
435 1
436 1
437 1
438 1
439 1
440 1
441 1
442 1
443 1
444 1
445 1
446 1
447 1
448 1
449 1
450 1
451 1
452 1
453 1
454 1
455 1
456 1
457 1
458 1
459 1
460 1
461 1
462 1
463 1
464 1
465 1
466 1
467 1
468 1
469 1
470 1
471 1
472 1
473 1
474 1
475 1
476 1
477 1
478 1
479 1
480 1
481 1
482 1
483 1
484 1
485 1
486 1
487 1
488 1
489 1
490 1
491 1
492 1
493 1
494 1
495 1
496 1
497 1
498 1
499 1
500 1
500
144 205 219 13 239 131 316 372 369 427 269 158 367 111 303 193 324 213 434 156 289 347 342 136 469 192 328 253 222 218 49 295 202 466 340 134 267 119 11 391 104 359 432 5 121 152 130 425 108 390 291 262 409 353 206 387 265 446 227 252 298 61 191 379 60 73 242 151 154 124 37 407 487 461 412 189 304 210 499 282 301 145 12 374 79 17 196 293 138 55 132 401 302 228 44 456 406 24 308 423 448 209 63 360 51 177 249 33 173 62 141 70 268 247 422 420 176 273 165 147 74 443 256 426 160 100 327 300 417 366 46 393 77 114 96 287 248 244 382 329 25 368 356 419 117 428 263 159 76 80 211 351 381 357 67 221 35 234 182 78 312 431 284 276 404 103 260 474 6 497 118 208 266 7 305 498 34 241 397 438 105 478 325 257 214 1 490 452 376 333 447 41 129 337 163 195 481 194 405 500 126 470 346 307 215 437 82 58 361 486 179 416 57 479 137 157 494 98 313 116 204 201 45 441 475 473 200 16 237 363 187 384 180 334 370 86 162 258 493 199 4 133 362 75 20 39 186 320 9 56 396 21 439 23 418 323 318 375 415 40 50 455 42 380 83 128 198 142 27 383 344 459 92 84 399 216 335 68 153 413 281 26 435 400 97 52 207 87 29 322 326 421 172 315 343 321 271 491 285 453 8 2 480 354 460 314 65 22 496 203 272 85 225 95 358 433 292 101 220 449 47 217 309 395 483 120 125 350 339 277 444 107 462 28 294 457 319 188 467 378 450 240 127 122 89 310 414 477 43 458 410 254 233 283 102 175 402 345 54 14 288 299 167 430 93 143 364 99 408 72 81 297 280 123 149 279 30 64 112 168 389 392 164 275 169 166 471 236 290 181 259 476 336 445 250 155 71 231 150 394 140 53 38 488 197 185 331 184 251 69 18 278 398 3 388 482 190 338 495 341 161 385 113 442 110 19 365 306 229 90 274 286 484 489 94 349 261 243 317 36 170 135 332 492 106 403 386 174 223 463 377 212 238 88 246 429 230 472 464 373 183 91 451 59 465 31 352 171 115 348 440 146 178 245 296 109 454 10 270 255 226 148 235 66 139 48 485 424 330 355 311 371 224 32 468 436 264 232 411 15

500 500
141 771 73 328 452 197 883 611 495 99 393 583 954 54 803 848 653 655 356 615 592 987 539 661 945 529 489 484 546 423 35 38 545 108 366 997 656 248 607 150 698 351 84 3 404 239 851 56 893 206 22 836 192 912 496 489 440 984 324 337 758 359 727 303 466 92 651 121 691 609 623 389 959 58 391 362 296 241 769 541 798 142 376 342 54 224 830 845 559 153 534 317 511 260 971 328 351 973 801 41 581 775 781 539 832 172 900 480 764 20 20 562 513 747 255 918 970 84 763 529 588 296 197 451 555 167 130 257 139 930 297 719 56 430 609 888 601 508 719 716 879 738 629 391 836 883 309 806 318 423 686 258 70 882 708 624 400 837 880 890 119 528 608 174 957 216 413 909 75 131 977 305 220 957 47 56 840 707 213 509 129 898 766 198 131 473 173 530 662 404 419 132 284 378 657 592 945 70 853 371 552 829 27 124 785 73 531 976 780 95 485 260 992 250 810 474 75 982 3 736 738 773 867 21 502 875 612 446 944 816 168 848 644 194 323 781 618 205 108 397 299 592 9 290 194 818 763 268 151 117 355 888 241 573 260 742 447 224 539 743 39 706 590 683 251 264 815 868 468 922 617 766 866 625 407 59 442 521 326 592 989 680 832 229 252 91 970 698 314 860 792 353 917 733 387 167 996 201 386 815 474 2 580 339 978 338 397 419 858 74 363 846 105 194 426 708 636 747 406 950 606 549 654 874 282 40 40 277 592 778 92 65 131 23 756 109 361 152 527 570 578 241 416 682 434 193 390 70 940 147 371 897 695 24 771 976 415 162 605 6 939 696 422 70 70 177 178 430 681 56 1000 258 297 767 939 82 959 680 503 250 826 225 147 873 248 917 848 662 78 452 19 17 499 441 438 569 617 967 350 297 22 349 906 670 467 197 752 778 876 606 27 54 831 173 926 430 89 773 444 519 577 462 887 427 902 324 995 871 290 697 519 663 397 425 333 864 621 436 641 848 393 19 901 223 544 826 5 984 951 448 502 879 909 388 305 163 63 652 33 352 348 903 367 744 327 51 959 299 838 951 499 230 970 399 805 513 577 809 848 879 256 350 109 164 737 765 678 152 416 710 855 115 613 221 211 291 271 169 942 108
407 205
310 296
349 178
231 351
149 328
411 60
112 500
379 2
176 424
233 395
10 400
220 365
437 178
367 83
171 253
1 409
436 419
484 345
204 272
38 345
149 438
155 267
371 353
326 233
159 310
181 403
300 135
176 353
207 406
313 296
49 215
258 50
279 184
410 50
125 184
463 399
12 103
400 262
418 454
91 274
172 382
341 260
157 417
190 82
354 311
410 469
306 15
199 101
220 138
324 143
482 339
277 39
64 145
463 49
228 269
293 334
218 119
437 331
382 25
326 32
232 79
365 200
176 359
247 327
489 369
109 489
166 155
270 317
411 224
70 371
133 399
343 488
46 151
463 231
241 164
443 13
183 7
303 215
271 467
138 201
134 19
21 287
456 267
36 493
206 339
176 440
245 476
452 282
97 25
18 210
165 314
132 341
125 126
404 162
363 24
166 103
93 315
431 68
291 298
173 175
338 80
239 456
140 250
280 25
72 224
124 450
378 362
25 375
187 412
36 148
364 264
1 354
287 75
240 406
14 387
133 186
312 8
449 75
376 435
420 296
445 475
20 305
159 186
486 262
11 423
350 278
467 305
447 139
306 18
59 157
327 147
86 237
339 359
1 201
55 103
93 345
319 179
250 161
252 147
76 450
109 106
331 309
17 146
86 290
447 388
104 83
284 84
102 117
53 31
490 203
331 484
361 342
341 107
367 190
255 63
55 107
149 289
405 488
380 482
242 46
3 178
500 147
332 33
78 402
162 186
379 138
310 377
447 41
110 320
75 366
388 116
111 360
115 226
415 198
485 370
248 174
91 187
354 260
181 294
222 130
194 33
290 63
333 341
210 15
237 103
161 180
301 115
231 88
40 304
426 427
170 479
389 212
29 198
290 189
140 454
192 35
34 85
447 247
472 203
375 442
441 264
55 305
382 393
75 174
405 263
147 403
144 79
38 63
243 66
240 145
287 466
485 391
64 442
232 359
176 152
420 201
86 128
25 309
439 61
48 412
295 254
55 308
86 60
325 282
258 130
492 462
216 376
109 422
270 495
136 212
161 2
404 136
448 188
232 409
112 446
396 120
385 226
379 120
84 470
300 497
397 426
484 308
381 26
330 464
330 46
311 368
273 81
13 308
57 407
445 305
86 366
9 408
255 67
463 4
321 356
112 190
306 240
202 245
164 73
91 425
422 149
386 40
302 400
112 116
21 458
483 472
422 61
302 455
471 371
156 450
60 337
177 486
98 6
187 43
178 368
188 338
374 73
419 401
26 480
400 353
128 35
205 417
474 260
161 296
42 473
13 246
65 186
445 29
317 211
302 430
70 93
30 240
140 483
319 117
172 47
162 151
103 73
293 309
194 106
126 489
24 329
22 170
437 197
48 95
97 130
426 7
221 389
1 233
330 255
407 193
177 289
193 454
1 462
30 135
165 39
440 311
497 491
293 452
49 200
449 206
288 412
324 184
447 407
453 386
343 145
492 47
348 305
55 105
66 476
46 339
111 283
437 263
364 7
485 93
141 95
497 214
229 386
332 354
24 142
235 224
449 402
206 65
167 253
206 267
485 323
20 76
367 391
234 459
120 193
188 15
34 64
487 336
38 435
152 273
354 158
87 196
495 146
196 31
494 442
152 59
396 295
170 248
115 498
417 476
235 468
441 223
159 43
453 352
156 451
399 348
239 106
219 289
111 186
116 370
199 402
351 181
165 66
402 483
359 141
106 359
485 346
449 431
381 208
51 437
419 310
205 476
257 211
220 145
221 8
23 79
228 229
22 134
116 484
128 256
21 48
39 25
78 440
347 17
421 416
465 8
470 50
91 310
202 414
178 4
48 328
420 442
376 193
426 38
401 486
277 261
378 155
376 322
94 67
445 435
494 467
4 35
224 294
365 290
243 135
344 124
383 60
109 480
218 257
191 36
323 215
62 474
155 147
194 96
102 39
125 308
420 99
382 2
177 6
162 64
97 450
383 44
293 208
121 345
465 358
144 426
445 54
46 127
93 402
118 414
411 474
354 94
171 350
306 290
247 83
8 402
57 28
218 358
51 222
103 32
380 287
228 455
189 260
242 393
148 373
268 217
281 440
453 77
479 356
219 61
258 7
371 99
426 375
173 282
390 73
388 104
141 246
155 333
281 410
197 467
445 339
316 52
297 119
255 34
423 227
218 410
316 119
173 153
160 9
228 475
199 158
414 407
21 203
102 71
284 414
220 34
466 135
427 459
491 19
325 8
17 285
411 251
482 314
273 264
57 299
410 314
500
36 37 330 27 304 462 346 1 143 495 370 181 314 109 198 289 264 369 334 156 373 472 411 436 52 448 103 362 399 354 145 189 115 187 219 309 445 475 68 151 468 175 81 415 433 104 486 210 256 450 322 492 441 457 327 29 379 176 347 242 360 50 128 6 386 111 265 241 206 72 80 64 474 383 323 16 343 344 245 53 62 305 279 435 26 41 358 406 470 39 491 405 283 54 325 410 96 225 122 120 312 338 382 366 434 479 326 167 142 66 253 431 262 78 203 47 456 421 117 169 482 395 442 378 118 254 38 94 407 286 75 235 40 34 10 498 263 123 24 207 247 132 458 444 466 380 121 74 251 377 2 107 255 290 199 85 460 281 342 453 213 56 270 249 384 393 108 329 425 13 234 195 65 184 291 101 63 391 126 191 351 357 488 100 196 218 5 214 496 153 414 155 12 112 306 61 409 302 193 352 83 188 375 252 447 19 260 190 267 79 487 345 276 430 483 170 387 102 296 140 239 428 14 204 464 105 244 284 114 209 258 130 340 427 396 20 288 293 97 127 141 157 165 420 33 439 308 426 11 469 208 35 413 211 179 215 173 87 133 440 401 408 500 317 221 166 174 324 99 301 73 3 67 9 91 89 150 46 454 390 236 43 328 131 148 228 192 419 493 146 178 177 299 311 42 248 341 49 404 110 222 403 285 90 355 363 424 489 432 451 182 161 4 119 71 32 397 226 318 477 230 217 349 162 385 233 292 480 465 237 57 30 171 136 202 229 76 471 336 422 463 139 144 149 257 180 481 18 154 147 423 240 364 274 95 476 499 59 205 316 160 490 337 273 227 389 452 307 183 106 376 368 365 402 194 69 88 124 55 116 361 438 77 84 287 300 261 298 223 134 367 164 246 163 331 449 374 295 250 356 437 429 129 51 339 467 159 372 8 152 359 319 313 348 392 25 48 350 158 371 92 168 186 461 484 137 282 398 494 86 446 45 272 98 212 478 455 497 275 28 201 277 388 23 473 353 459 197 238 268 315 113 320 417 332 15 335 310 138 443 269 70 416 294 259 31 220 400 412 321 485 125 200 271 22 243 394 280 185 297 303 60 216 44 21 278 93 333 224 172 231 17 135 232 266 418 82 58 381 7

1 0
129
1
1

0 0
