Case #1: 5 3 6 8 11 13
Case #2: 3 10 15 16
Case #3: -1
Case #4: 4 5 8 9 19
Case #5: 5 2 7 8 12 12
Case #6: 5 2 7 9 9 14
Case #7: 6 2 6 7 8 9 9
Case #8: 8 2 5 5 5 7 7 9 1
Case #9: 6 2 3 5 8 10 13
Case #10: 4 7 8 10 16
Case #11: 4 4 6 11 20
Case #12: 7 3 4 4 7 7 8 8
Case #13: 6 2 4 6 9 10 10
Case #14: 6 3 5 5 7 9 12
Case #15: 4 3 6 16 16
Case #16: -1
Case #17: -1
Case #18: 12 30 1 1 1 1 1 1 1 1 1 1 1
Case #19: -1
Case #20: 5 8 8 8 8 9
Case #21: -1
Case #22: 13 5 25 1 1 1 1 1 1 1 1 1 1 1
Case #23: 5 4 7 13 16 1
Case #24: 6 3 6 8 11 12 1
Case #25: 8 2 3 6 6 6 6 6 6
Case #26: 4 5 34 1 1
Case #27: -1
Case #28: -1
Case #29: 3 5 6 30
Case #30: 6 3 5 9 10 13 1
Case #31: 5 3 7 8 11 12
Case #32: 10 4 29 1 1 1 1 1 1 1 1
Case #33: 10 3 3 3 3 3 3 5 6 6 6
Case #34: 6 3 5 7 8 9 9
Case #35: 5 2 7 8 8 16
Case #36: 2 20 21
Case #37: -1
Case #38: 5 3 4 8 13 13
Case #39: -1
Case #40: 6 3 4 4 8 11 11
Case #41: 18 2 23 1 1 1 1 1 1 1 1 1 1 1 1 1 1 1 1
Case #42: 24 18 1 1 1 1 1 1 1 1 1 1 1 1 1 1 1 1 1 1 1 1 1 1 1
Case #43: 6 4 8 8 10 10 1
Case #44: 4 2 10 13 16
Case #45: 2 40 1
Case #46: -1
Case #47: 4 5 17 18 1
Case #48: -1
Case #49: 5 2 6 9 10 14
Case #50: 6 4 5 5 9 9 9
Case #51: 6 2 7 7 8 8 9
Case #52: 8 2 3 3 3 3 5 9 13
Case #53: 5 3 6 7 12 13
Case #54: 7 4 5 5 5 5 8 9
Case #55: 4 2 14 24 1
Case #56: 5 4 4 7 10 16
Case #57: 6 4 5 5 8 8 11
Case #58: 6 2 4 5 9 10 11
Case #59: 7 3 4 6 6 6 8 8
Case #60: 7 4 32 1 1 1 1 1
Case #61: 19 4 20 1 1 1 1 1 1 1 1 1 1 1 1 1 1 1 1 1
Case #62: 21 21 1 1 1 1 1 1 1 1 1 1 1 1 1 1 1 1 1 1 1 1
Case #63: 4 6 6 14 15
Case #64: 6 2 4 4 7 8 16
Case #65: 5 4 9 9 9 10
Case #66: 39 3 1 1 1 1 1 1 1 1 1 1 1 1 1 1 1 1 1 1 1 1 1 1 1 1 1 1 1 1 1 1 1 1 1 1 1 1 1 1
Case #67: 7 2 4 5 6 6 9 9
Case #68: 4 3 6 14 18
Case #69: -1
Case #70: 8 34 1 1 1 1 1 1 1
Case #71: -1
Case #72: 8 2 3 4 4 6 7 7 8
Case #73: -1
Case #74: 9 2 3 3 3 5 5 5 6 9
Case #75: 5 2 7 10 10 12
Case #76: 5 2 6 8 8 17
Case #77: 3 6 14 21
Case #78: 22 20 1 1 1 1 1 1 1 1 1 1 1 1 1 1 1 1 1 1 1 1 1
Case #79: 4 5 5 10 21
Case #80: -1
Case #81: 4 2 9 15 15
Case #82: 5 2 4 10 10 15
Case #83: 6 2 8 10 10 10 1
Case #84: -1
Case #85: 6 5 5 5 5 5 16
Case #86: 22 7 14 1 1 1 1 1 1 1 1 1 1 1 1 1 1 1 1 1 1 1 1
Case #87: 7 3 5 15 15 1 1 1
Case #88: -1
Case #89: -1
Case #90: 4 4 5 16 16
Case #91: 5 2 6 6 9 18
Case #92: 17 3 23 1 1 1 1 1 1 1 1 1 1 1 1 1 1 1
Case #93: 5 6 9 12 13 1
Case #94: 6 3 7 7 7 8 9
Case #95: 7 3 4 5 5 8 8 8
Case #96: 3 2 3 36
Case #97: -1
Case #98: -1
Case #99: 7 35 1 1 1 1 1 1
Case #100: 8 2 3 4 4 4 8 8 8
Case #101: -1
Case #102: 7 2 3 5 5 8 9 9
Case #103: 7 4 4 4 6 7 8 8
Case #104: 8 3 4 5 5 6 6 6 6
Case #105: 5 5 7 7 10 12
Case #106: 7 5 5 5 6 6 6 8
Case #107: 5 4 8 9 10 10
Case #108: -1
Case #109: -1
Case #110: 9 2 3 4 4 4 4 6 6 8
Case #111: 6 2 6 8 8 8 9
Case #112: 4 3 7 8 23
Case #113: 3 2 9 30
Case #114: 4 3 5 12 21
Case #115: 5 6 8 8 9 10
Case #116: 6 6 6 6 7 8 8
Case #117: 8 3 32 1 1 1 1 1 1
Case #118: 7 2 3 5 6 8 8 9
Case #119: 10 2 31 1 1 1 1 1 1 1 1
Case #120: 6 2 3 5 9 11 11
Case #121: 6 4 5 8 8 8 8
Case #122: 8 3 4 4 5 5 5 7 8
Case #123: 6 3 9 9 18 1 1
Case #124: -1
Case #125: 13 29 1 1 1 1 1 1 1 1 1 1 1 1
Case #126: 7 17 19 1 1 1 1 1
Case #127: 6 4 6 7 8 8 8
Case #128: -1
Case #129: 6 3 6 7 7 8 10
Case #130: -1
Case #131: 6 3 7 7 8 8 8
Case #132: 3 6 10 25
Case #133: -1
Case #134: 6 3 5 8 8 8 9
Case #135: 5 3 6 7 8 17
Case #136: -1
Case #137: 6 2 3 5 7 11 13
Case #138: 6 2 5 6 7 8 13
Case #139: 8 4 31 1 1 1 1 1 1
Case #140: 3 10 30 1
Case #141: 19 3 21 1 1 1 1 1 1 1 1 1 1 1 1 1 1 1 1 1
Case #142: 5 3 7 10 10 11
Case #143: 4 7 10 10 14
Case #144: 8 2 4 4 5 6 6 6 8
Case #145: -1
Case #146: 3 8 15 18
Case #147: 6 3 6 6 6 9 11
Case #148: -1
Case #149: 7 3 4 5 6 7 8 8
Case #150: 8 3 4 4 5 6 6 6 7
Case #151: 29 13 1 1 1 1 1 1 1 1 1 1 1 1 1 1 1 1 1 1 1 1 1 1 1 1 1 1 1 1
Case #152: 4 6 7 27 1
Case #153: 6 2 5 7 7 10 10
Case #154: 8 2 3 5 5 6 6 6 8
Case #155: 16 6 21 1 1 1 1 1 1 1 1 1 1 1 1 1 1
Case #156: 9 2 3 4 4 4 5 5 6 8
Case #157: 8 2 5 5 5 5 5 6 8
Case #158: 8 2 33 1 1 1 1 1 1
Case #159: -1
Case #160: 6 2 3 4 5 8 19
Case #161: 5 5 5 5 10 16
Case #162: 5 2 8 9 11 11
Case #163: 5 3 8 8 8 14
Case #164: 8 3 3 5 6 6 6 6 6
Case #165: 4 4 15 21 1
Case #166: 8 2 5 5 5 5 9 9 1
Case #167: 6 4 5 5 8 9 10
Case #168: -1
Case #169: 6 2 4 6 7 10 12
Case #170: 5 6 7 7 9 12
Case #171: 8 2 3 4 5 5 6 8 8
Case #172: 6 2 4 7 7 9 12
Case #173: 6 2 5 8 8 9 9
Case #174: 4 3 10 12 16
Case #175: 7 2 5 5 5 6 8 10
Case #176: 6 4 6 6 8 8 9
Case #177: 7 3 4 5 5 6 9 9
Case #178: 6 2 6 6 9 9 9
Case #179: 5 3 8 8 10 12
Case #180: -1
Case #181: 7 3 5 5 5 6 8 9
Case #182: 5 37 1 1 1 1
Case #183: -1
Case #184: -1
Case #185: 5 5 5 10 20 1
Case #186: 4 3 9 11 18
Case #187: -1
Case #188: 7 2 3 5 6 7 9 9
Case #189: 4 3 6 11 21
Case #190: 8 2 3 5 5 5 5 8 8
Case #191: 7 2 4 6 6 6 8 9
Case #192: 25 5 13 1 1 1 1 1 1 1 1 1 1 1 1 1 1 1 1 1 1 1 1 1 1 1
Case #193: 6 5 5 5 5 9 12
Case #194: 7 3 4 4 5 6 8 11
Case #195: 14 2 27 1 1 1 1 1 1 1 1 1 1 1 1
Case #196: 4 2 10 11 18
Case #197: 5 2 3 8 9 19
Case #198: 5 3 6 8 23 1
Case #199: 4 3 36 1 1
Case #200: 5 2 5 9 12 13
Case #201: 7 3 4 5 5 7 8 9
Case #202: 8 2 5 5 5 5 5 5 9
Case #203: 4 5 9 9 18
Case #204: 6 3 4 6 9 9 10
Case #205: 4 2 5 12 22
Case #206: -1
Case #207: 5 5 8 9 9 10
Case #208: 6 3 5 7 8 8 10
Case #209: 4 6 8 11 16
Case #210: 5 4 4 8 10 15
Case #211: 7 2 5 5 6 7 7 9
Case #212: -1
Case #213: 4 4 7 15 15
Case #214: 5 3 6 8 10 14
Case #215: 7 5 7 7 19 1 1 1
Case #216: -1
Case #217: 5 3 17 19 1 1
Case #218: 7 2 3 5 6 6 6 13
Case #219: 5 6 7 8 8 12
Case #220: 4 4 10 12 15
Case #221: 4 6 7 12 16
Case #222: 6 5 5 13 16 1 1
Case #223: -1
Case #224: 7 2 5 5 6 7 8 8
Case #225: 6 2 5 7 7 9 11
Case #226: 4 10 10 10 11
Case #227: 5 3 6 10 10 12
Case #228: 6 3 6 6 8 9 9
Case #229: 6 3 3 6 6 9 14
Case #230: 7 5 5 6 6 6 6 7
Case #231: 5 2 3 8 11 17
Case #232: -1
Case #233: 6 3 4 4 5 8 17
Case #234: 7 2 4 5 5 7 8 10
Case #235: 8 3 4 4 4 5 5 8 8
Case #236: 5 5 7 8 9 12
Case #237: -1
Case #238: 5 2 9 9 10 11
Case #239: 7 2 5 6 6 6 7 9
Case #240: 3 6 11 24
Case #241: 8 4 4 4 5 6 6 6 6
Case #242: 7 2 3 4 5 6 8 13
Case #243: 3 18 22 1
Case #244: 4 3 8 14 16
Case #245: -1
Case #246: 8 2 3 4 5 6 6 7 8
Case #247: 5 3 5 8 12 13
Case #248: 25 17 1 1 1 1 1 1 1 1 1 1 1 1 1 1 1 1 1 1 1 1 1 1 1 1
Case #249: 8 3 3 5 5 6 6 6 7
Case #250: -1
Case #251: 5 2 7 7 7 18
Case #252: -1
Case #253: 7 2 3 5 7 8 8 8
Case #254: 5 2 4 8 11 16
Case #255: 6 2 6 6 6 8 13
Case #256: 7 3 5 5 6 7 7 8
Case #257: 6 2 6 6 7 8 12
Case #258: 8 2 3 4 5 5 7 7 8
Case #259: 5 9 15 15 1 1
Case #260: -1
Case #261: 4 8 8 9 16
Case #262: 7 3 4 6 6 7 7 8
Case #263: 6 4 5 5 7 10 10
Case #264: 15 2 26 1 1 1 1 1 1 1 1 1 1 1 1 1
Case #265: -1
Case #266: 6 4 4 6 7 8 12
Case #267: 13 5 7 19 1 1 1 1 1 1 1 1 1 1
Case #268: 6 4 5 6 8 9 9
Case #269: 27 5 11 1 1 1 1 1 1 1 1 1 1 1 1 1 1 1 1 1 1 1 1 1 1 1 1 1
Case #270: -1
Case #271: -1
Case #272: 6 2 5 5 7 9 13
Case #273: 7 2 3 5 6 7 8 10
Case #274: 5 2 9 11 18 1
Case #275: -1
Case #276: -1
Case #277: 4 7 32 1 1
Case #278: 6 5 32 1 1 1 1
Case #279: -1
Case #280: 8 3 3 4 5 5 6 6 9
Case #281: 6 2 4 6 8 8 13
Case #282: 9 4 30 1 1 1 1 1 1 1
Case #283: 6 5 6 6 6 9 9
Case #284: 5 2 6 16 16 1
Case #285: 7 3 3 5 6 6 9 9
Case #286: 7 3 4 6 6 6 7 9
Case #287: 15 5 23 1 1 1 1 1 1 1 1 1 1 1 1 1
Case #288: 6 5 5 9 10 11 1
Case #289: 6 3 6 6 7 7 12
Case #290: 6 6 6 6 7 7 9
Case #291: 6 2 3 7 9 10 10
Case #292: 11 31 1 1 1 1 1 1 1 1 1 1
Case #293: 10 3 30 1 1 1 1 1 1 1 1
Case #294: 8 3 5 5 5 5 6 6 6
Case #295: 20 2 21 1 1 1 1 1 1 1 1 1 1 1 1 1 1 1 1 1 1
Case #296: 5 2 7 10 21 1
Case #297: -1
Case #298: 5 2 7 7 12 13
Case #299: 7 2 5 5 6 6 6 11
Case #300: 5 3 6 9 11 12
Case #301: 4 2 7 16 16
Case #302: 6 2 7 7 9 15 1
Case #303: 8 2 4 4 4 5 6 8 8
Case #304: 3 2 14 25
Case #305: -1
Case #306: 4 3 5 13 20
Case #307: 4 2 7 8 24
Case #308: 4 11 14 15 1
Case #309: 7 3 7 27 1 1 1 1
Case #310: 5 4 5 9 10 13
Case #311: 9 3 3 4 4 4 5 6 6 6
Case #312: 25 3 15 1 1 1 1 1 1 1 1 1 1 1 1 1 1 1 1 1 1 1 1 1 1 1
Case #313: 4 10 15 15 1
Case #314: 5 5 6 8 9 13
Case #315: 9 2 3 4 4 5 5 5 5 8
Case #316: 16 5 22 1 1 1 1 1 1 1 1 1 1 1 1 1 1
Case #317: 13 2 28 1 1 1 1 1 1 1 1 1 1 1
Case #318: 5 3 5 8 8 17
Case #319: -1
Case #320: 6 3 5 7 7 8 11
Case #321: -1
Case #322: -1
Case #323: 5 4 6 7 12 12
Case #324: 4 2 6 9 24
Case #325: 7 3 4 4 4 7 8 11
Case #326: -1
Case #327: 4 2 7 12 20
Case #328: 3 9 14 18
Case #329: 6 3 11 24 1 1 1
Case #330: 7 2 3 6 6 7 8 9
Case #331: 6 3 5 7 10 15 1
Case #332: 5 3 3 3 5 27
Case #333: -1
Case #334: 6 3 3 5 7 11 12
Case #335: 5 6 9 11 14 1
Case #336: 5 3 4 9 10 15
Case #337: 5 3 8 10 10 10
Case #338: 5 3 5 10 11 12
Case #339: 7 3 4 4 4 5 8 13
Case #340: 5 5 6 9 10 11
Case #341: 6 3 3 7 7 9 12
Case #342: 8 2 4 5 5 5 6 6 8
Case #343: 4 6 10 11 14
Case #344: 6 4 5 6 6 9 11
Case #345: 4 4 7 10 20
Case #346: 8 3 4 4 5 5 6 6 8
Case #347: -1
Case #348: 7 2 3 6 7 7 8 8
Case #349: 6 2 7 7 8 16 1
Case #350: 3 7 14 20
Case #351: 7 5 5 5 5 5 8 8
Case #352: -1
Case #353: 4 5 10 11 15
Case #354: -1
Case #355: 5 5 8 8 10 10
Case #356: -1
Case #357: 5 4 5 13 18 1
Case #358: 19 2 22 1 1 1 1 1 1 1 1 1 1 1 1 1 1 1 1 1
Case #359: 4 5 16 19 1
Case #360: 6 8 8 8 8 8 1
Case #361: 7 2 3 4 8 8 8 8
Case #362: 5 6 6 8 8 13
Case #363: 5 7 7 7 10 10
Case #364: 4 4 10 11 16
Case #365: 11 4 4 4 4 4 4 4 4 4 4 1
Case #366: 6 2 3 5 5 9 17
Case #367: 5 2 5 10 12 12
Case #368: 4 7 16 17 1
Case #369: 6 3 5 6 8 8 11
Case #370: 6 2 5 16 16 1 1
Case #371: 5 2 6 9 12 12
Case #372: 6 2 4 8 10 16 1
Case #373: 3 5 12 24
Case #374: 3 5 18 18
Case #375: 6 8 8 10 13 1 1
Case #376: -1
Case #377: 4 4 9 14 14
Case #378: 3 12 14 15
Case #379: -1
Case #380: 6 2 5 5 5 9 15
Case #381: 4 2 6 16 17
Case #382: 4 3 5 8 25
Case #383: 7 3 5 5 6 6 7 9
Case #384: 4 2 6 13 20
Case #385: 6 2 5 7 9 9 9
Case #386: -1
Case #387: 5 6 7 9 18 1
Case #388: 21 3 19 1 1 1 1 1 1 1 1 1 1 1 1 1 1 1 1 1 1 1
Case #389: 6 3 34 1 1 1 1
Case #390: 16 26 1 1 1 1 1 1 1 1 1 1 1 1 1 1 1
Case #391: -1
Case #392: 5 2 4 7 12 16
Case #393: -1
Case #394: 5 2 4 11 12 12
Case #395: 6 4 5 14 16 1 1
Case #396: 8 2 3 5 5 5 6 6 9
Case #397: -1
Case #398: 5 4 7 8 10 12
Case #399: -1
Case #400: 5 3 9 9 10 10
Case #401: 6 4 4 6 8 8 11
Case #402: 5 9 10 10 11 1
Case #403: 7 2 3 4 6 7 8 11
Case #404: 41 1 1 1 1 1 1 1 1 1 1 1 1 1 1 1 1 1 1 1 1 1 1 1 1 1 1 1 1 1 1 1 1 1 1 1 1 1 1 1 1 1
Case #405: -1
Case #406: 4 7 9 10 15
Case #407: 5 6 6 7 9 13
Case #408: -1
Case #409: 10 2 3 3 3 3 4 5 6 6 6
Case #410: 8 2 3 3 5 6 6 7 9
Case #411: 7 2 4 4 7 8 8 8
Case #412: 7 2 3 5 7 7 8 9
Case #413: 5 2 4 9 12 14
Case #414: 6 5 5 5 8 9 9
Case #415: -1
Case #416: 4 6 8 9 18
Case #417: 9 3 3 3 3 5 6 6 6 6
Case #418: 4 3 3 16 19
Case #419: 6 2 3 5 6 8 17
Case #420: -1
Case #421: 7 2 9 26 1 1 1 1
Case #422: 5 5 8 8 8 12
Case #423: 5 2 4 9 9 17
Case #424: -1
Case #425: 3 17 23 1
Case #426: 5 2 3 5 8 23
Case #427: 5 4 5 7 10 15
Case #428: 4 3 4 16 18
Case #429: 3 7 16 18
Case #430: 5 3 6 6 9 17
Case #431: 5 3 5 8 11 14
Case #432: 8 2 4 4 5 5 5 8 8
Case #433: 6 3 9 9 9 10 1
Case #434: 6 3 4 6 8 10 10
Case #435: -1
Case #436: 6 2 4 7 9 9 10
Case #437: 7 3 3 6 6 7 7 9
Case #438: -1
Case #439: -1
Case #440: 8 3 3 3 5 6 6 6 9
Case #441: 3 9 16 16
Case #442: 7 3 6 6 6 6 6 8
Case #443: 28 14 1 1 1 1 1 1 1 1 1 1 1 1 1 1 1 1 1 1 1 1 1 1 1 1 1 1 1
Case #444: 6 2 3 4 7 8 17
Case #445: -1
Case #446: 5 5 5 7 12 12
Case #447: 10 2 3 3 3 3 3 3 6 6 9
Case #448: 5 5 5 6 10 15
Case #449: 5 2 5 13 20 1
Case #450: 5 2 9 28 1 1
Case #451: 6 3 4 8 8 9 9
Case #452: -1
Case #453: -1
Case #454: 4 7 7 11 16
Case #455: 6 4 5 10 20 1 1
Case #456: 6 2 7 10 10 11 1
Case #457: 8 2 3 3 5 5 7 7 9
Case #458: 6 3 4 6 6 9 13
Case #459: 5 2 6 10 11 12
Case #460: 6 2 7 8 10 13 1
Case #461: 4 2 37 1 1
Case #462: 9 2 3 3 4 5 6 6 6 6
Case #463: 4 2 12 12 15
Case #464: 8 3 4 4 4 6 6 6 8
Case #465: 6 3 5 5 7 8 13
Case #466: 16 4 23 1 1 1 1 1 1 1 1 1 1 1 1 1 1
Case #467: 5 2 7 9 10 13
Case #468: 4 3 3 3 32
Case #469: 6 3 6 8 8 8 8
Case #470: 5 4 7 10 10 10
Case #471: 3 10 10 21
Case #472: 4 8 8 10 15
Case #473: 6 2 5 7 8 8 11
Case #474: 5 2 8 9 10 12
Case #475: 6 3 4 5 9 10 10
Case #476: 6 3 5 7 7 9 10
Case #477: -1
Case #478: 35 7 1 1 1 1 1 1 1 1 1 1 1 1 1 1 1 1 1 1 1 1 1 1 1 1 1 1 1 1 1 1 1 1 1 1
Case #479: 3 11 12 18
Case #480: -1
Case #481: 7 2 6 6 6 6 6 9
Case #482: 37 5 1 1 1 1 1 1 1 1 1 1 1 1 1 1 1 1 1 1 1 1 1 1 1 1 1 1 1 1 1 1 1 1 1 1 1 1
Case #483: 5 2 5 5 14 15
Case #484: 7 5 5 11 17 1 1 1
Case #485: 3 3 37 1
Case #486: 7 4 4 5 6 6 8 8
Case #487: -1
Case #488: -1
Case #489: 3 2 38 1
Case #490: -1
Case #491: 5 2 6 8 9 16
Case #492: 4 3 8 29 1
Case #493: 6 2 3 6 8 9 13
Case #494: -1
Case #495: 5 5 7 8 8 13
Case #496: -1
Case #497: 4 7 9 24 1
Case #498: 4 5 9 11 16
Case #499: 6 5 6 6 7 8 9
Case #500: 4 2 3 18 18
Case #501: 5 3 8 8 11 11
Case #502: 6 5 5 6 8 8 9
Case #503: 8 2 3 3 3 6 6 9 9
Case #504: -1
Case #505: -1
Case #506: 6 4 4 4 5 8 16
Case #507: -1
Case #508: 25 7 11 1 1 1 1 1 1 1 1 1 1 1 1 1 1 1 1 1 1 1 1 1 1 1
Case #509: 7 2 4 5 7 7 7 9
Case #510: 6 4 5 6 8 8 10
Case #511: -1
Case #512: 5 10 10 10 10 1
Case #513: 4 6 8 8 19
Case #514: 7 2 34 1 1 1 1 1
Case #515: 6 2 6 6 7 9 11
Case #516: 4 12 14 14 1
Case #517: 13 7 11 13 1 1 1 1 1 1 1 1 1 1
Case #518: 6 4 6 6 7 9 9
Case #519: -1
Case #520: 6 3 4 5 8 8 13
Case #521: 5 3 3 6 13 16
Case #522: -1
Case #523: 9 2 32 1 1 1 1 1 1 1
Case #524: -1
Case #525: 7 2 5 6 6 7 7 8
Case #526: 3 10 13 18
Case #527: 5 2 7 8 10 14
Case #528: 4 7 10 12 12
Case #529: 6 2 3 8 8 10 10
Case #530: 12 2 29 1 1 1 1 1 1 1 1 1 1
Case #531: -1
Case #532: 7 2 4 5 5 6 9 10
Case #533: -1
Case #534: -1
Case #535: 5 2 6 7 12 14
Case #536: 7 3 4 5 6 6 8 9
Case #537: 5 5 5 9 10 12
Case #538: 5 4 8 9 9 11
Case #539: 7 3 3 3 6 6 9 11
Case #540: 7 3 4 5 7 7 7 8
Case #541: 8 3 3 3 4 6 6 7 9
Case #542: 10 4 4 4 4 4 4 4 4 8 1
Case #543: 3 6 17 18
Case #544: 11 5 27 1 1 1 1 1 1 1 1 1
Case #545: -1
Case #546: 13 4 26 1 1 1 1 1 1 1 1 1 1 1
Case #547: 13 3 27 1 1 1 1 1 1 1 1 1 1 1
Case #548: 10 2 3 3 3 3 3 3 5 7 9
Case #549: 8 2 3 4 4 4 5 8 11
Case #550: 9 7 27 1 1 1 1 1 1 1
Case #551: 29 7 7 1 1 1 1 1 1 1 1 1 1 1 1 1 1 1 1 1 1 1 1 1 1 1 1 1 1 1
Case #552: 5 3 6 8 12 12
Case #553: 5 6 6 9 9 11
Case #554: 6 2 3 8 9 9 10
Case #555: 23 3 17 1 1 1 1 1 1 1 1 1 1 1 1 1 1 1 1 1 1 1 1 1
Case #556: 11 2 30 1 1 1 1 1 1 1 1 1
Case #557: 4 2 9 10 20
Case #558: 7 4 5 6 6 6 7 7
Case #559: -1
Case #560: 4 2 6 15 18
Case #561: 4 3 7 12 19
Case #562: 6 2 35 1 1 1 1
Case #563: 9 2 3 4 4 4 4 4 8 8
Case #564: -1
Case #565: 3 8 9 24
Case #566: -1
Case #567: 4 7 15 18 1
Case #568: 18 24 1 1 1 1 1 1 1 1 1 1 1 1 1 1 1 1 1
Case #569: 4 3 8 13 17
Case #570: 8 2 4 4 5 5 6 7 8
Case #571: 6 2 5 5 8 8 13
Case #572: 9 3 3 3 4 5 5 6 6 6
Case #573: 7 2 3 7 7 7 7 8
Case #574: 31 11 1 1 1 1 1 1 1 1 1 1 1 1 1 1 1 1 1 1 1 1 1 1 1 1 1 1 1 1 1 1
Case #575: 5 3 7 8 22 1
Case #576: 6 5 5 6 7 8 10
Case #577: 4 5 10 10 16
Case #578: 4 8 12 20 1
Case #579: 2 5 36
Case #580: 10 2 3 3 3 3 3 5 5 5 9
Case #581: 7 4 5 6 6 6 6 8
Case #582: 4 38 1 1 1
Case #583: 6 3 3 5 9 9 12
Case #584: 6 4 6 6 6 8 11
Case #585: 5 7 7 8 9 10
Case #586: 4 3 11 12 15
Case #587: 6 3 3 5 5 12 13
Case #588: 6 2 3 8 8 9 11
Case #589: 4 3 5 6 27
Case #590: 5 6 8 8 8 11
Case #591: 11 4 28 1 1 1 1 1 1 1 1 1
Case #592: -1
Case #593: -1
Case #594: 10 32 1 1 1 1 1 1 1 1 1
Case #595: 4 2 6 12 21
Case #596: 6 3 7 7 7 16 1
Case #597: 34 8 1 1 1 1 1 1 1 1 1 1 1 1 1 1 1 1 1 1 1 1 1 1 1 1 1 1 1 1 1 1 1 1 1
Case #598: 7 2 3 5 5 7 8 11
Case #599: 6 3 5 7 7 7 12
Case #600: 6 5 6 6 6 7 11
Case #601: 6 2 5 6 8 10 10
Case #602: 6 2 3 5 9 9 13
Case #603: 6 2 4 8 8 9 10
Case #604: 8 3 4 4 4 4 7 7 8
Case #605: -1
Case #606: 3 2 7 32
Case #607: 32 10 1 1 1 1 1 1 1 1 1 1 1 1 1 1 1 1 1 1 1 1 1 1 1 1 1 1 1 1 1 1 1
Case #608: 5 5 8 8 9 11
Case #609: -1
Case #610: -1
Case #611: -1
Case #612: -1
Case #613: 5 3 8 10 19 1
Case #614: 7 4 6 6 6 6 6 7
Case #615: 9 2 4 4 4 4 5 6 6 6
Case #616: 6 4 5 6 7 9 10
Case #617: 4 3 7 11 20
Case #618: 9 2 3 3 3 5 6 6 6 7
Case #619: 6 5 5 6 6 6 13
Case #620: 6 3 4 7 8 8 11
Case #621: 4 3 7 13 18
Case #622: 8 3 4 4 6 6 6 6 6
Case #623: -1
Case #624: -1
Case #625: 6 3 4 6 8 9 11
Case #626: 5 2 36 1 1 1
Case #627: 7 2 4 6 6 7 7 9
Case #628: 9 2 3 4 4 5 5 6 6 6
Case #629: 4 4 8 14 15
Case #630: 9 2 3 3 3 3 6 6 6 9
Case #631: 5 4 7 9 9 12
Case #632: 9 3 31 1 1 1 1 1 1 1
Case #633: -1
Case #634: 6 2 5 6 9 9 10
Case #635: 4 5 9 12 15
Case #636: 7 2 3 5 5 8 8 10
Case #637: 5 6 7 9 9 10
Case #638: 8 2 3 4 4 6 6 8 8
Case #639: -1
Case #640: 7 3 4 5 5 6 8 10
Case #641: -1
Case #642: 5 2 7 7 10 15
Case #643: -1
Case #644: -1
Case #645: 5 3 7 7 8 16
Case #646: 5 2 5 8 9 17
Case #647: 4 4 6 9 22
Case #648: -1
Case #649: 16 2 25 1 1 1 1 1 1 1 1 1 1 1 1 1 1
Case #650: 7 2 3 3 5 6 9 13
Case #651: 8 2 5 5 5 6 6 6 6
Case #652: 7 2 4 6 6 7 8 8
Case #653: 7 2 3 5 5 5 8 13
Case #654: 5 5 10 10 15 1
Case #655: 17 4 22 1 1 1 1 1 1 1 1 1 1 1 1 1 1 1
Case #656: 5 2 3 9 10 17
Case #657: -1
Case #658: -1
Case #659: 3 3 6 32
Case #660: 8 3 4 5 5 5 5 6 8
Case #661: 5 2 3 9 9 18
Case #662: 5 3 6 8 8 16
Case #663: 8 2 3 4 6 6 6 6 8
Case #664: 6 3 5 6 9 9 9
Case #665: -1
Case #666: 17 2 24 1 1 1 1 1 1 1 1 1 1 1 1 1 1 1
Case #667: -1
Case #668: 8 2 3 5 5 5 5 7 9
Case #669: -1
Case #670: 7 4 4 4 5 8 8 8
Case #671: 7 2 4 5 6 8 8 8
Case #672: -1
Case #673: 6 5 5 5 7 9 10
Case #674: -1
Case #675: 6 5 5 7 8 8 8
Case #676: 4 3 7 15 16
Case #677: -1
Case #678: 6 3 16 19 1 1 1
Case #679: -1
Case #680: -1
Case #681: 7 3 5 6 6 6 7 8
Case #682: 5 3 35 1 1 1
Case #683: 11 3 29 1 1 1 1 1 1 1 1 1
Case #684: 8 4 4 5 5 5 6 6 6
Case #685: 4 5 10 12 14
Case #686: 5 3 8 9 9 12
Case #687: 6 3 5 5 5 11 12
Case #688: 4 2 10 14 15
Case #689: 6 2 3 7 8 8 13
Case #690: 7 2 4 5 5 5 9 11
Case #691: 4 7 8 12 14
Case #692: 2 2 39
Case #693: 4 2 8 9 22
Case #694: 21 9 13 1 1 1 1 1 1 1 1 1 1 1 1 1 1 1 1 1 1 1
Case #695: 6 2 5 9 9 15 1
Case #696: 6 5 5 6 6 8 11
Case #697: 7 4 5 5 6 6 6 9
Case #698: 6 2 4 5 8 9 13
Case #699: -1
Case #700: 6 3 4 8 8 8 10
Case #701: 5 3 7 8 10 13
Case #702: -1
Case #703: 9 4 4 4 4 4 4 4 5 8
Case #704: -1
Case #705: -1
Case #706: 7 4 4 6 6 6 7 8
Case #707: 8 3 16 17 1 1 1 1 1
Case #708: 5 4 5 8 8 16
Case #709: -1
Case #710: 6 2 5 9 11 13 1
Case #711: 7 2 6 8 8 8 8 1
Case #712: 6 6 6 6 6 8 9
Case #713: 7 4 4 5 5 7 8 8
Case #714: 5 3 7 15 15 1
Case #715: 14 28 1 1 1 1 1 1 1 1 1 1 1 1 1
Case #716: -1
Case #717: 3 5 16 20
Case #718: 6 2 6 8 8 16 1
Case #719: 4 2 11 14 14
Case #720: 8 3 5 5 5 5 5 5 8
Case #721: 9 3 3 3 3 3 5 6 6 9
Case #722: -1
Case #723: 6 3 5 6 8 9 10
Case #724: 7 3 3 3 5 9 9 9
Case #725: 26 16 1 1 1 1 1 1 1 1 1 1 1 1 1 1 1 1 1 1 1 1 1 1 1 1 1
Case #726: 4 2 3 4 32
Case #727: 4 2 9 14 16
Case #728: 9 33 1 1 1 1 1 1 1 1
Case #729: 38 4 1 1 1 1 1 1 1 1 1 1 1 1 1 1 1 1 1 1 1 1 1 1 1 1 1 1 1 1 1 1 1 1 1 1 1 1 1
Case #730: 6 2 7 7 7 8 10
Case #731: -1
Case #732: -1
Case #733: 6 2 5 7 8 9 10
Case #734: 7 3 33 1 1 1 1 1
Case #735: 5 3 8 12 17 1
Case #736: 5 3 5 7 12 14
Case #737: 3 7 10 24
Case #738: 3 6 16 19
Case #739: 7 2 3 5 6 6 8 11
Case #740: 6 3 5 6 7 10 10
Case #741: 6 3 8 11 17 1 1
Case #742: -1
Case #743: 6 2 6 7 7 7 12
Case #744: 13 3 7 21 1 1 1 1 1 1 1 1 1 1
Case #745: 7 3 5 5 5 5 8 10
Case #746: 4 4 11 12 14
Case #747: -1
Case #748: 7 3 4 5 5 5 8 11
Case #749: -1
Case #750: 4 6 10 10 15
Case #751: 21 5 17 1 1 1 1 1 1 1 1 1 1 1 1 1 1 1 1 1 1 1
Case #752: -1
Case #753: 8 2 9 9 9 9 1 1 1
Case #754: 5 6 16 17 1 1
Case #755: 4 3 9 13 16
Case #756: 6 2 5 5 9 19 1
Case #757: 6 3 4 5 8 10 11
Case #758: 5 6 32 1 1 1
Case #759: 2 9 32
Case #760: 5 2 5 8 12 14
Case #761: 7 3 4 4 6 8 8 8
Case #762: -1
Case #763: -1
Case #764: 5 3 7 7 12 12
Case #765: 6 3 4 7 8 9 10
Case #766: 4 3 8 10 20
Case #767: 4 4 9 10 18
Case #768: 7 3 5 6 6 6 6 9
Case #769: 8 2 4 5 5 6 6 6 7
Case #770: 7 2 6 6 6 6 7 8
Case #771: 3 7 7 27
Case #772: 6 2 5 5 9 10 10
Case #773: 36 6 1 1 1 1 1 1 1 1 1 1 1 1 1 1 1 1 1 1 1 1 1 1 1 1 1 1 1 1 1 1 1 1 1 1 1
Case #774: 6 2 6 7 8 8 10
Case #775: 8 2 3 3 3 5 5 9 11
Case #776: 3 5 17 19
Case #777: 9 2 3 3 3 3 5 6 7 9
Case #778: 4 3 11 11 16
Case #779: 6 2 3 6 8 11 11
Case #780: 6 3 5 6 6 8 13
Case #781: 4 9 10 10 12
Case #782: 7 4 5 5 6 6 7 8
Case #783: 5 5 5 15 15 1
Case #784: 5 3 5 9 12 12
Case #785: 4 3 7 30 1
Case #786: 3 3 16 22
Case #787: -1
Case #788: 4 2 7 14 18
Case #789: 8 2 3 3 6 6 6 6 9
Case #790: 4 3 8 12 18
Case #791: -1
Case #792: 5 2 5 7 9 18
Case #793: 5 2 5 9 10 15
Case #794: 27 15 1 1 1 1 1 1 1 1 1 1 1 1 1 1 1 1 1 1 1 1 1 1 1 1 1 1
Case #795: -1
Case #796: 5 9 9 21 1 1
Case #797: 7 3 5 5 5 7 8 8
Case #798: -1
Case #799: 7 2 3 5 5 6 9 11
Case #800: 6 3 6 7 8 8 9
Case #801: 3 4 5 32
Case #802: 4 8 9 12 12
Case #803: 8 4 4 4 4 5 6 6 8
Case #804: 5 2 5 6 9 19
Case #805: 7 2 3 4 4 7 8 13
Case #806: -1
Case #807: 8 2 4 5 6 6 6 6 6
Case #808: 5 3 5 6 8 19
Case #809: 19 23 1 1 1 1 1 1 1 1 1 1 1 1 1 1 1 1 1 1
Case #810: -1
Case #811: 15 3 25 1 1 1 1 1 1 1 1 1 1 1 1 1
Case #812: 4 8 10 11 12
Case #813: 5 4 7 7 9 14
Case #814: 6 2 5 6 6 9 13
Case #815: 4 5 8 8 20
Case #816: 9 2 4 4 4 4 4 5 6 8
Case #817: 7 2 3 4 5 8 8 11
Case #818: 9 2 3 4 4 4 4 5 7 8
Case #819: 5 19 19 1 1 1
Case #820: 4 5 8 12 16
Case #821: -1
Case #822: 6 36 1 1 1 1 1
Case #823: 6 2 7 8 8 8 8
Case #824: -1
Case #825: 5 3 7 9 10 12
Case #826: 7 2 4 5 5 8 8 9
Case #827: -1
Case #828: 8 3 7 7 7 7 8 1 1
Case #829: 7 5 5 5 5 6 6 9
Case #830: 5 4 6 9 10 12
Case #831: 5 3 4 7 8 19
Case #832: 4 4 11 25 1
Case #833: 23 7 13 1 1 1 1 1 1 1 1 1 1 1 1 1 1 1 1 1 1 1 1 1
Case #834: 6 2 9 13 15 1 1
Case #835: -1
Case #836: 4 6 6 11 18
Case #837: -1
Case #838: 5 7 10 10 13 1
Case #839: -1
Case #840: 6 5 6 7 7 8 8
Case #841: 6 2 5 7 9 17 1
Case #842: 6 2 17 19 1 1 1
Case #843: 7 2 5 5 5 8 8 8
Case #844: 6 4 5 7 8 8 9
Case #845: 6 2 4 7 8 10 10
Case #846: 5 2 5 8 10 16
Case #847: 8 2 4 5 5 5 5 6 9
Case #848: 5 3 8 8 9 13
Case #849: 7 2 4 5 5 6 8 11
Case #850: 6 2 4 6 8 9 12
Case #851: 7 2 5 5 5 5 7 12
Case #852: 6 6 6 6 6 6 11
Case #853: -1
Case #854: 4 3 10 27 1
Case #855: 10 2 3 4 4 4 4 4 4 4 8
Case #856: 5 2 15 22 1 1
Case #857: 7 5 6 6 6 6 6 6
Case #858: -1
Case #859: -1
Case #860: -1
Case #861: 7 4 5 5 5 6 8 8
Case #862: 3 3 14 24
Case #863: -1
Case #864: 3 6 15 20
Case #865: 8 2 13 21 1 1 1 1 1
Case #866: 7 2 4 5 7 7 8 8
Case #867: 8 3 4 4 4 4 6 8 8
Case #868: 5 6 7 8 10 10
Case #869: 6 2 4 6 9 9 11
Case #870: 6 2 5 5 7 10 12
Case #871: 7 2 3 5 5 7 9 10
Case #872: 5 5 9 9 9 9
Case #873: 4 7 7 9 18
Case #874: 4 10 10 20 1
Case #875: 7 5 9 9 15 1 1 1
Case #876: 5 5 6 7 9 14
Case #877: 5 4 7 7 7 16
Case #878: 9 3 4 4 4 4 4 5 5 8
Case #879: -1
Case #880: 5 3 8 9 10 11
Case #881: 8 2 3 3 5 5 5 9 9
Case #882: 6 3 5 5 8 9 11
Case #883: 5 11 14 14 1 1
Case #884: 5 2 5 9 11 14
Case #885: 33 9 1 1 1 1 1 1 1 1 1 1 1 1 1 1 1 1 1 1 1 1 1 1 1 1 1 1 1 1 1 1 1 1
Case #886: 3 11 13 17
Case #887: -1
Case #888: 8 2 5 5 5 9 13 1 1
Case #889: 7 2 3 6 6 6 9 9
Case #890: -1
Case #891: 21 11 11 1 1 1 1 1 1 1 1 1 1 1 1 1 1 1 1 1 1 1
Case #892: -1
Case #893: 9 2 3 3 5 5 5 6 6 6
Case #894: 7 3 4 5 6 6 6 11
Case #895: 4 2 5 13 21
Case #896: 4 2 5 16 18
Case #897: 4 3 8 15 15
Case #898: 6 3 7 8 11 11 1
Case #899: 5 3 7 14 16 1
Case #900: 8 3 4 4 4 5 6 7 8
Case #901: 5 2 9 10 10 10
Case #902: 5 6 6 8 9 12
Case #903: 5 4 7 9 10 11
Case #904: 6 6 11 21 1 1 1
Case #905: 3 5 9 27
Case #906: 5 3 4 8 9 17
Case #907: 20 22 1 1 1 1 1 1 1 1 1 1 1 1 1 1 1 1 1 1 1
Case #908: 6 3 4 7 7 10 10
Case #909: 6 2 5 7 7 8 12
Case #910: 6 2 6 6 8 8 11
Case #911: -1
Case #912: 5 5 7 9 10 10
Case #913: -1
Case #914: 4 5 12 12 12
Case #915: 12 3 28 1 1 1 1 1 1 1 1 1 1
Case #916: 8 2 3 5 5 5 6 7 8
Case #917: 8 2 3 4 4 5 7 8 8
Case #918: 3 7 12 22
Case #919: 6 2 3 6 9 10 11
Case #920: 5 2 5 16 17 1
Case #921: 6 2 6 7 7 9 10
Case #922: -1
Case #923: 6 2 5 9 23 1 1
Case #924: 7 2 3 6 6 8 8 8
Case #925: 5 2 5 9 9 16
Case #926: 4 5 6 15 15
Case #927: 4 3 7 10 21
Case #928: 19 7 17 1 1 1 1 1 1 1 1 1 1 1 1 1 1 1 1 1
Case #929: 40 2 1 1 1 1 1 1 1 1 1 1 1 1 1 1 1 1 1 1 1 1 1 1 1 1 1 1 1 1 1 1 1 1 1 1 1 1 1 1 1
Case #930: -1
Case #931: 6 4 8 8 8 12 1
Case #932: 6 2 5 5 9 9 11
Case #933: -1
Case #934: 7 2 5 5 6 6 8 9
Case #935: 7 3 4 5 5 5 9 10
Case #936: 19 5 19 1 1 1 1 1 1 1 1 1 1 1 1 1 1 1 1 1
Case #937: 6 3 6 6 7 8 11
Case #938: 17 25 1 1 1 1 1 1 1 1 1 1 1 1 1 1 1 1
Case #939: 4 6 11 12 12
Case #940: 4 5 7 11 18
Case #941: -1
Case #942: 5 4 9 13 14 1
Case #943: 6 2 3 4 8 11 13
Case #944: 6 5 6 6 8 8 8
Case #945: 7 2 5 6 6 6 8 8
Case #946: 3 10 11 20
Case #947: -1
Case #948: 7 4 4 8 8 8 8 1
Case #949: -1
Case #950: 6 5 5 6 7 9 9
Case #951: 6 3 5 5 8 10 10
Case #952: 6 2 3 7 8 10 11
Case #953: 4 2 9 12 18
Case #954: 6 2 5 6 8 9 11
Case #955: 7 2 5 5 5 6 9 9
Case #956: 15 27 1 1 1 1 1 1 1 1 1 1 1 1 1 1
Case #957: -1
Case #958: 5 3 3 11 12 12
Case #959: 6 3 4 6 7 8 13
Case #960: 9 3 4 4 4 4 4 4 6 8
Case #961: -1
Case #962: 8 2 3 5 6 6 6 6 7
Case #963: 5 2 5 32 1 1
Case #964: 5 4 8 12 16 1
Case #965: 9 3 5 27 1 1 1 1 1 1
Case #966: 5 4 10 11 15 1
Case #967: 4 3 8 11 19
Case #968: -1
Case #969: 8 3 3 3 3 5 6 9 9
Case #970: 4 5 5 15 16
Case #971: 6 3 3 3 7 7 18
Case #972: 23 19 1 1 1 1 1 1 1 1 1 1 1 1 1 1 1 1 1 1 1 1 1 1
Case #973: 6 2 3 3 5 9 19
Case #974: 8 4 4 4 4 4 5 8 8
Case #975: 7 3 5 5 6 6 8 8
Case #976: -1
